-1.89185393119e-04
-2.04126636649e-03
-4.88984534310e-03
-6.10778189621e-03
-5.24019582810e-03
-2.59416485282e-03
-6.82250125450e-04
1.60242421503e-04
1.46514466221e-03
2.44492162321e-04
-2.15719459173e-03
-2.75299680199e-03
-2.29988110277e-02
-6.68357284672e-03
-8.89150486364e-04
4.50483657440e-04
3.57297280113e-03
6.71601577849e-03
2.40568545043e-01
3.45930992558e-02
-1.36197275752e-01
-1.54571647858e-02
-1.29670093774e-03
6.07680452198e-04
3.80041047649e-03
7.42128896608e-03
2.48926759888e-01
1.73764549406e-01
-1.32783276151e-01
-1.55628369776e-02
-1.41968690772e-03
5.64678331290e-04
1.88007662948e-03
1.21874694080e-03
2.34991105665e-04
8.25033538528e-04
-2.24506052823e-02
-6.93985071046e-03
-1.04479611744e-03
2.91983462472e-04
2.14696591212e-04
-1.44657017764e-03
-4.22947672982e-03
-5.74922367488e-03
-5.38072394666e-03
-2.94323495362e-03
-9.25292814682e-04
-3.05838758209e-05
-5.63474099291e-04
-1.71283613617e-03
-2.96067902045e-03
-3.59140438736e-03
-3.08930421610e-03
-1.98370490470e-03
-9.03757495184e-04
-2.87578951122e-04
8.89611267247e-04
-1.51964123495e-03
-5.69668172571e-03
2.48428473437e-04
1.26166391376e-02
1.30334528680e-02
8.39463299713e-03
4.99026846938e-03
1.50061606821e-03
-2.31856559756e-03
-3.30866189337e-02
-2.03121556360e-03
5.44124187222e-02
2.52843117540e-02
1.01999858854e-02
4.82269156011e-03
6.73352298371e-04
-1.90562459011e-03
-3.66493936012e-02
8.82079475973e-02
5.22150000309e-02
1.66366177951e-02
5.25379444679e-03
2.21135252961e-03
-1.46331375606e-03
3.76180178041e-04
4.23313848444e-02
9.21155383978e-02
-4.20116375917e-02
-1.48801232173e-02
-4.55495947383e-03
-1.79183182685e-03
-2.17140080801e-03
1.68428138607e-03
3.75837844798e-02
2.13834012788e-02
-4.47597192551e-02
-2.23752292247e-02
-9.11128912484e-03
-4.29166458311e-03
-1.34980338613e-03
1.35653439600e-03
7.24140477601e-03
3.88865684625e-03
-8.70159229763e-03
-1.08149007695e-02
-7.23089121201e-03
-4.40332326328e-03
-6.41570053714e-04
7.84299629280e-04
2.39364734759e-03
1.34287745966e-03
-2.23029733110e-03
-4.49061411322e-03
-4.33622181917e-03
-3.36633180890e-03
6.46996514096e-03
4.69815857297e-03
1.01842746577e-03
-3.93439913602e-03
-1.26705658043e-02
-1.76558956930e-02
-1.56483309677e-02
-1.20465992473e-02
1.22629824374e-02
1.10471468556e-02
-1.10999385260e-02
-4.50637194332e-02
-6.48252734988e-02
-5.03518563229e-02
-2.92735340783e-02
-1.80834643548e-02
1.88088014590e-02
2.22663454883e-02
-3.94778183185e-01
-4.94717493309e-01
-2.77690997393e-01
-1.03522319490e-01
-4.28461810379e-02
-2.27177609640e-02
1.90098356936e-02
2.24438215604e-02
-4.08576945994e-01
-4.29937577421e-01
-2.59914443786e-01
-1.00843590917e-01
-4.21217805150e-02
-2.23631286349e-02
1.27582330632e-02
1.14765602565e-02
-1.24682952341e-02
-4.06835641778e-02
-5.69350981951e-02
-4.67505967031e-02
-2.77319750179e-02
-1.73178993609e-02
6.90668174475e-03
5.09424422802e-03
1.18732085953e-03
-2.67914931676e-03
-1.02109982443e-02
-1.56149967835e-02
-1.43637648854e-02
-1.12367710577e-02
3.84347941945e-03
2.65763678656e-03
1.20524535518e-03
-4.46015138541e-04
-3.23008265677e-03
-5.88173547321e-03
-7.11479555745e-03
-6.75395516661e-03
