   -2.44128750637e-05   -5.48578100279e-06   -2.77941580862e-07   -1.52556458488e-05   -4.14409441873e-06   -1.95286702365e-07   -9.11852112040e-06   -2.85450369120e-06   -1.19616743177e-07   -2.27611235459e-05   -2.23665847443e-05   -1.87742989510e-05   -1.97099871002e-05   -1.74271044671e-05   -1.47583341459e-05   -1.50005507749e-05   -1.30909029394e-05   -1.12930383693e-05
    9.40146856010e-05    5.28490636498e-05    2.82441033050e-05    4.33332752436e-05    3.21323750541e-05    2.11648875847e-05    2.12751911022e-05    1.87862315215e-05    1.44899240695e-05   -1.77924521267e-04   -1.21935336210e-04   -7.88852048572e-05   -7.83294672146e-05   -6.42583472654e-05   -4.85341734020e-05   -3.96493123844e-05   -3.57240787707e-05   -2.99272505799e-05
    6.16169418208e-04    3.92720103264e-04    1.89279671758e-04    1.99833302759e-04    1.61161297001e-04    1.03763304651e-04    8.16425017547e-05    7.41393887438e-05    5.66523522139e-05   -2.70089367405e-04   -3.35233635269e-04   -2.49046133831e-04   -9.61666228250e-05   -1.23488134705e-04   -1.12947600428e-04   -4.44118632004e-05   -5.55609585717e-05   -5.59650652576e-05
    6.88898435328e-04    9.14493575692e-04    6.99132215232e-04    2.61949608102e-04    3.20294930134e-04    2.81592365354e-04    1.15671864478e-04    1.35593872983e-04    1.27973617055e-04    1.27828679979e-04   -1.47507525980e-04   -3.86347441236e-04    1.01065961644e-05   -6.70133158565e-05   -1.37662282214e-04   -8.08329787105e-06   -3.50055051968e-05   -6.03974331170e-05
    2.91687319987e-04    6.06357934885e-04    9.10514499992e-04    1.66975369211e-04    2.79985688394e-04    3.71773494408e-04    9.37905861065e-05    1.37388196890e-04    1.69701233972e-04    2.01666844077e-04    2.30596633628e-04    2.95648351312e-05    7.29103339836e-05    5.94818266109e-05   -1.42771750689e-05    2.55339546129e-05    1.36453309096e-05   -1.60775380209e-05
    1.03986239992e-04    2.27131095016e-04    4.59370203316e-04    8.12287908047e-05    1.50692503667e-04    2.55004561041e-04    5.76127786189e-05    9.39000165090e-05    1.40041083796e-04    1.20315817185e-04    1.97446497623e-04    2.52632889897e-04    6.44371903036e-05    8.81330925040e-05    9.01438761503e-05    3.27998714056e-05    3.82642610930e-05    3.18564707413e-05
    4.07715560868e-05    8.24614835437e-05    1.68701837538e-04    3.84674058296e-05    7.02840043232e-05    1.26416518469e-04    3.22681444231e-05    5.36743027624e-05    8.65246693138e-05    6.53855386190e-05    1.09866778075e-04    1.74400047399e-04    4.35060792370e-05    6.56098563923e-05    9.05513297766e-05    2.72951037914e-05    3.71444184566e-05    4.51956293546e-05
    1.82050280273e-05    3.36291850545e-05    6.40966754872e-05    1.92401057575e-05    3.33644857164e-05    5.86281385040e-05    1.80491770152e-05    2.93926859740e-05    4.77441790281e-05    3.71424539480e-05    5.98887345404e-05    9.59813769441e-05    2.80394306174e-05    4.23317396780e-05    6.22746301815e-05    2.00494105229e-05    2.83131066681e-05    3.82653524866e-05
   -3.09210736305e-05   -5.03117917106e-06   -2.55095073953e-07   -2.91643664241e-05   -5.87780959904e-06   -3.00060492009e-07   -1.95455504581e-05   -4.84928023070e-06   -2.39815562963e-07   -1.20082404464e-05   -2.84265843220e-05   -2.43383692577e-05   -2.19639332499e-05   -2.47461139224e-05   -2.08150595427e-05   -2.17004708247e-05   -1.98726775125e-05   -1.67231337400e-05
    2.30264849961e-04    7.02141551301e-05    2.62437970378e-05    1.37479510158e-04    6.41617225483e-05    3.03937122226e-05    6.35912874714e-05    4.16627153754e-05    2.48779542744e-05   -7.17418733984e-04   -2.98983068205e-04   -1.43784563988e-04   -2.82265536953e-04   -1.68523838511e-04   -9.90321859717e-05   -1.15912989713e-04   -8.81290179677e-05   -6.20274659013e-05
    7.57315196097e-03    1.52213498950e-03    3.14363278449e-04    1.22082419693e-03    6.32384326309e-04    2.45854025707e-04    3.38881509379e-04    2.48195137829e-04    1.40965566970e-04   -3.38222016580e-03   -2.23682262003e-03   -8.04839655757e-04   -5.25773502886e-04   -6.02115585934e-04   -3.76083771698e-04   -1.54620502144e-04   -1.97846675292e-04   -1.66200945387e-04
    3.36640980095e-03    6.56370073557e-03    2.62849032879e-03    1.17860431783e-03    1.68571714312e-03    1.13969203085e-03    4.16602415498e-04    5.26769435965e-04    4.37333947048e-04    2.33716331422e-03   -4.69628721476e-04   -2.62839719653e-03    3.41738341376e-04   -2.29773577303e-04   -7.07220169716e-04    4.37663402408e-05   -9.75711736828e-05   -2.24040704779e-04
    4.39560972154e-04    1.52310589328e-03    2.70355492830e-03    3.68186156265e-04    8.87141795829e-04    1.45587604493e-03    2.22465023398e-04    4.10320062656e-04    5.74673758820e-04    7.56165361963e-04    1.56808178872e-03    5.59641048312e-04    3.27873858623e-04    4.50618099421e-04    1.15747097880e-04    1.21788762044e-04    1.17489835247e-04   -3.24565917253e-06
    9.07140201889e-05    2.57920648437e-04    7.27386213839e-04    1.09414395411e-04    2.61785171460e-04    5.90073177591e-04    9.35868592933e-05    1.87623663805e-04    3.44696454704e-04    2.44820985245e-04    5.31398109160e-04    9.80668701231e-04    1.58570619533e-04    2.87027214654e-04    4.15472313762e-04    8.88751746970e-05    1.32744316943e-04    1.51268322952e-04
    2.75197089650e-05    6.35886681266e-05    1.56647729455e-04    3.90403147321e-05    8.29843338579e-05    1.81518335012e-04    4.03873855248e-05    7.75986700319e-05    1.48594437633e-04    1.00520410342e-04    1.94086052943e-04    3.74478986487e-04    7.76341767050e-05    1.37455353979e-04    2.34222388826e-04    5.38425229024e-05    8.56803671923e-05    1.26672093756e-04
    1.07453524834e-05    2.13558087125e-05    4.50018706033e-05    1.65514938999e-05    3.14594944939e-05    6.22960942565e-05    1.90651917364e-05    3.41456325259e-05    6.25053507974e-05    4.93669358548e-05    8.58688872540e-05    1.52737193275e-04    4.16774128098e-05    6.92234607413e-05    1.15450675366e-04    3.25100700138e-05    5.07771619596e-05    7.80024856795e-05
    8.66639311425e-06    1.24331563711e-06    6.21002982371e-08   -2.31136800721e-05   -3.46815795638e-06   -1.74404704012e-07   -3.21707921103e-05   -5.80097548664e-06   -2.95840436593e-07    1.18336174637e-06   -2.99810199067e-05   -2.61448440142e-05   -4.26894985139e-06   -2.94757774100e-05   -2.55223130807e-05   -1.84212694876e-05   -2.68185976893e-05   -2.27194686886e-05
   -8.58254497871e-05   -1.99882197194e-05   -6.50747097097e-06    2.06839758903e-04    5.30376564711e-05    1.81348877959e-05    1.90599821508e-04    7.19435047358e-05    3.01294494420e-05   -1.27363251522e-03   -4.06793551520e-04   -1.72961154021e-04   -1.03580183350e-03   -3.65194864571e-04   -1.62319047377e-04   -4.55160683487e-04   -2.28972348850e-04   -1.21458433568e-04
   -1.92562490702e-02   -9.22172330320e-04   -9.98395262286e-05    2.49396264553e-02    1.82349234819e-03    2.54344195127e-04    2.70925462246e-03    1.01162120700e-03    2.97593651339e-04   -1.34269893169e-02   -6.53475522995e-03   -1.23957637697e-03   -1.50445848703e-02   -4.28292900324e-03   -1.06307910755e-03   -1.18226744235e-03   -1.14025315270e-03   -5.61579363421e-04
   -2.27011740208e-03    3.61181795597e-03    4.74527478218e-04    4.34164889157e-03    7.39842653275e-04    1.01707875729e-03    2.04184092581e-03    3.31331044436e-03    1.84473581612e-03    9.26144421101e-03    2.86363065243e-04    3.85180115700e-03    5.52121549845e-03   -4.52278181911e-04   -2.58512794971e-03    8.98260623217e-04   -3.53232026100e-04   -1.36443879455e-03
   -1.32624845719e-04   -6.01009232923e-04    8.64714384079e-04    3.44473519363e-04    1.41227152199e-03    4.96469438076e-04    4.31121443398e-04    1.23711884953e-03    2.23834067583e-03    1.17618707009e-03    3.27053479850e-03   -4.97609376907e-03    1.00788509008e-03    2.51233577728e-03   -7.63237476349e-04    5.14031853527e-04    8.64497851580e-04    3.15643846989e-04
   -2.20025685849e-05   -6.89654771122e-05   -2.22665257752e-04    6.17971818428e-05    1.87133002328e-04    5.75692392886e-04    1.06144580059e-04    2.78062943835e-04    7.03008845448e-04    3.01128893625e-04    7.23646953702e-04    1.53942964971e-03    2.80617678072e-04    6.50501460768e-04    1.31577719003e-03    2.01666698558e-04    4.01775469072e-04    6.59571960568e-04
   -6.13974407315e-06   -1.47952232510e-05   -3.88196349377e-05    1.77500623977e-05    4.21602453571e-05    1.08214080683e-04    3.46936576534e-05    7.71747727413e-05    1.79905473487e-04    1.13065470941e-04    2.28039745707e-04    4.69707883894e-04    1.08688254841e-04    2.15892636334e-04    4.34685498476e-04    8.97335121408e-05    1.66580532095e-04    3.03445849568e-04
   -2.30640580412e-06   -4.67813151772e-06   -1.01626483229e-05    6.75619958201e-06    1.36100425152e-05    2.92594631901e-05    1.40516931424e-05    2.73839395959e-05    5.61089473194e-05    5.32870762981e-05    9.46559885051e-05    1.73730368260e-04    5.19580498803e-05    9.15991404327e-05    1.66323152371e-04    4.58399881609e-05    7.81440030551e-05    1.35024456540e-04
    3.21713741869e-05    5.80213963985e-06    2.95403879136e-07    2.31145531870e-05    3.46844899468e-06    1.74622982740e-07   -8.66697519086e-06   -1.24317011796e-06   -6.21366780251e-08   -1.84227246791e-05   -2.68188887276e-05   -2.27197597269e-05   -4.26662154496e-06   -2.94749042951e-05   -2.55226041190e-05    1.18045136333e-06   -2.99804378301e-05   -2.61442619376e-05
   -1.90592836589e-04   -7.19469971955e-05   -3.01294494420e-05   -2.06839758903e-04   -5.30353281647e-05   -1.81354698725e-05    8.58202110976e-05    1.99888017960e-05    6.50768924970e-06   -4.55159432022e-04   -2.28973221965e-04   -1.21458433568e-04   -1.03579019196e-03   -3.65194864571e-04   -1.62320211530e-04   -1.27361621708e-03   -4.06791223213e-04   -1.72962318175e-04
   -2.70925927907e-03   -1.01160258055e-03   -2.97592487186e-04   -2.49398499727e-02   -1.82351097465e-03   -2.54340702668e-04    1.92558765411e-02    9.22163017094e-04    9.98412724584e-05   -1.18225812912e-03   -1.14024733193e-03   -5.61582855880e-04   -1.50446966290e-02   -4.28290106356e-03   -1.06307212263e-03   -1.34283304214e-02   -6.53473660350e-03   -1.23957172036e-03
   -2.04184208997e-03   -3.31332907081e-03   -1.84468924999e-03   -4.34166751802e-03   -7.39693641663e-04   -1.01704150438e-03    2.27013137192e-03   -3.61159443855e-03   -4.74490225315e-04    8.98237340152e-04   -3.53234354407e-04   -1.36444345117e-03    5.52122481167e-03   -4.52278181911e-04   -2.58512794971e-03    9.26136970520e-03    2.86363065243e-04    3.85209918022e-03
   -4.31121443398e-04   -1.23711884953e-03   -2.23828479648e-03   -3.44475556631e-04   -1.41226220876e-03   -4.96283173561e-04    1.32624918479e-04    6.01008068770e-04   -8.64639878273e-04    5.14033017680e-04    8.64497851580e-04    3.15620563924e-04    1.00788474083e-03    2.51238234341e-03   -7.63013958931e-04    1.17618765216e-03    3.27048823237e-03   -4.97601926327e-03
   -1.06142833829e-04   -2.78062943835e-04   -7.03004188836e-04   -6.17964542471e-05   -1.87133176951e-04   -5.75690064579e-04    2.20024958253e-05    6.89655280439e-05    2.22668750212e-04    2.01666262001e-04    4.01774886996e-04    6.59571960568e-04    2.80618260149e-04    6.50501460768e-04    1.31576322019e-03    3.01130348817e-04    7.23645789549e-04    1.53935514390e-03
   -3.46945307683e-05   -7.71749182604e-05   -1.79905473487e-04   -1.77494803211e-05   -4.21603181167e-05   -1.08214298962e-04    6.13974407315e-06    1.47952778207e-05    3.88196349377e-05    8.97342397366e-05    1.66580575751e-04    3.03448177874e-04    1.08690001070e-04    2.15892665437e-04    4.34683170170e-04    1.13066344056e-04    2.28039789363e-04    4.69712540507e-04
   -1.40511110658e-05   -2.73837940767e-05   -5.61087654205e-05   -6.75627234159e-06   -1.36101516546e-05   -2.92593722406e-05    2.30644218391e-06    4.67814970762e-06    1.01626392279e-05    4.58401336800e-05    7.81440758146e-05    1.35024747578e-04    5.19570312463e-05    9.15988493944e-05    1.66323152371e-04    5.32864942215e-05    9.46552609093e-05    1.73728622030e-04
    1.95420579985e-05    4.85102646053e-06    2.38942448050e-07    2.91643664241e-05    5.87751856074e-06    3.00642568618e-07    3.09193274006e-05    5.03205228597e-06    2.55240593106e-07   -2.17007618630e-05   -1.98726047529e-05   -1.67237158166e-05   -2.19624780584e-05   -2.47464049608e-05   -2.08150595427e-05   -1.20128970593e-05   -2.84265843220e-05   -2.43377871811e-05
   -6.35889591649e-05   -4.16656257585e-05   -2.48785363510e-05   -1.37489987537e-04   -6.41588121653e-05   -3.03919659927e-05   -2.30248551816e-04   -7.02159013599e-05   -2.62429239228e-05   -1.15908915177e-04   -8.81295272848e-05   -6.20278296992e-05   -2.82263790723e-04   -1.68523547472e-04   -9.90330590867e-05   -7.17419316061e-04   -2.98983650282e-04   -1.43784563988e-04
   -3.38881800417e-04   -2.48198630288e-04   -1.40967313200e-04   -1.22082885355e-03   -6.32381998003e-04   -2.45851697400e-04   -7.57312402129e-03   -1.52213033289e-03   -3.14363278449e-04   -1.54612353072e-04   -1.97848421521e-04   -1.66200785316e-04   -5.25775831193e-04   -6.02115469519e-04   -3.76079697162e-04   -3.38221131824e-03   -2.23682262003e-03   -8.04828014225e-04
   -4.16601833422e-04   -5.26770018041e-04   -4.37332782894e-04   -1.17860513274e-03   -1.68572645634e-03   -1.13969203085e-03   -3.36642144248e-03   -6.56370073557e-03   -2.62847170234e-03    4.37651760876e-05   -9.75711736828e-05   -2.24039831664e-04    3.41726699844e-04   -2.29770084843e-04   -7.07221915945e-04    2.33714003116e-03   -4.69642691314e-04   -2.62834131718e-03
   -2.22462113015e-04   -4.10320353694e-04   -5.74678415433e-04   -3.68186738342e-04   -8.87141795829e-04   -1.45587604493e-03   -4.39559808001e-04   -1.52311753482e-03   -2.70340591669e-03    1.21788179968e-04    1.17488671094e-04   -3.24915163219e-06    3.27873276547e-04    4.50618099421e-04    1.15749426186e-04    7.56165070925e-04    1.56809575856e-03    5.59622421861e-04
   -9.35856951401e-05   -1.87623372767e-04   -3.44695872627e-04   -1.09413522296e-04   -2.61785608018e-04   -5.90078998357e-04   -9.07154753804e-05   -2.57920823060e-04   -7.27386213839e-04    8.88751601451e-05    1.32744899020e-04    1.51270651259e-04    1.58571419888e-04    2.87027214654e-04    4.15465328842e-04    2.44821567321e-04    5.31399855390e-04    9.80650074780e-04
   -4.03870944865e-05   -7.75976513978e-05   -1.48594437633e-04   -3.90395871364e-05   -8.29843338579e-05   -1.81518407771e-04   -2.75195634458e-05   -6.35883770883e-05   -1.56647874974e-04    5.38425956620e-05    8.56801489135e-05    1.26670638565e-04    7.76337401476e-05    1.37455092045e-04    2.34219478443e-04    1.00520555861e-04    1.94086052943e-04    3.74477822334e-04
   -1.90640275832e-05   -3.41457780451e-05   -6.25052780379e-05   -1.65509118233e-05   -3.14594944939e-05   -6.22963125352e-05   -1.07457162812e-05   -2.13558814721e-05   -4.50019433629e-05    3.25106520904e-05    5.07771801495e-05    7.80024856795e-05    4.16769762523e-05    6.92234607413e-05    1.15450966405e-04    4.93676634505e-05    8.58691782923e-05    1.52737338794e-04
    9.11968527362e-06    2.85537680611e-06    1.19325704873e-07    1.52533175424e-05    4.14409441873e-06    1.95577740669e-07    2.44117109105e-05    5.48345269635e-06    2.77359504253e-07   -1.49999686982e-05   -1.30909029394e-05   -1.12930410978e-05   -1.97102053789e-05   -1.74270644493e-05   -1.47585524246e-05   -2.27612690651e-05   -2.23670213018e-05   -1.87744444702e-05
   -2.12731538340e-05   -1.87859404832e-05   -1.44887599163e-05   -4.33344393969e-05   -3.21335392073e-05   -2.11654696614e-05   -9.40135214478e-05   -5.28502278030e-05   -2.82435212284e-05   -3.96461109631e-05   -3.57232056558e-05   -2.99275416182e-05   -7.83288851380e-05   -6.42577651888e-05   -4.85340424348e-05   -1.77928595804e-04   -1.21935328934e-04   -7.88852048572e-05
   -8.16413376015e-05   -7.41393887438e-05   -5.66517701373e-05   -1.99835631065e-04   -1.61160132848e-04   -1.03763886727e-04   -6.16167671978e-04   -3.92718939111e-04   -1.89277343452e-04   -4.44165198132e-05   -5.55600854568e-05   -5.59637555853e-05   -9.61724435911e-05   -1.23488134705e-04   -1.12947309390e-04   -2.70082382485e-04   -3.35233926307e-04   -2.49045697274e-04
   -1.15672592074e-04   -1.35594309540e-04   -1.27974490169e-04   -2.61948734988e-04   -3.20296676364e-04   -2.81590037048e-04   -6.88898435328e-04   -9.14490083233e-04   -6.99120573699e-04   -8.08853656054e-06   -3.50055051968e-05   -6.03983062319e-05    1.01071782410e-05   -6.70121517032e-05   -1.37662864290e-04    1.27825187519e-04   -1.47504033521e-04   -3.86347295716e-04
   -9.37885488383e-05   -1.37387978612e-04   -1.69700651895e-04   -1.66977115441e-04   -2.79985804809e-04   -3.71771748178e-04   -2.91685573757e-04   -6.06356770732e-04   -9.10512171686e-04    2.55336635746e-05    1.36450398713e-05   -1.60769559443e-05    7.29109160602e-05    5.94853190705e-05   -1.42771750689e-05    2.01666844077e-04    2.30591977015e-04    2.95613426715e-05
   -5.76148158871e-05   -9.39004530665e-05   -1.40041011036e-04   -8.12282087281e-05   -1.50692067109e-04   -2.55004270002e-04   -1.03989150375e-04   -2.27131531574e-04   -4.59370203316e-04    3.27997258864e-05    3.82648431696e-05    3.18558886647e-05    6.44372266834e-05    8.81336745806e-05    9.01438761503e-05    1.20316290122e-04    1.97445915546e-04    2.52641038969e-04
   -3.22677078657e-05   -5.36738662049e-05   -8.65243055159e-05   -3.84694430977e-05   -7.02838588040e-05   -1.26416489366e-04   -4.07725747209e-05   -8.24623566587e-05   -1.68701910297e-04    2.72951765510e-05    3.71444184566e-05    4.51965024695e-05    4.35061156168e-05    6.56100019114e-05    9.05524939299e-05    6.53849565424e-05    1.09866741695e-04    1.74401793629e-04
   -1.80496135727e-05   -2.93925404549e-05   -4.77438152302e-05   -1.92393781617e-05   -3.33646312356e-05   -5.86277747061e-05   -1.82061921805e-05   -3.36291850545e-05   -6.40968210064e-05    2.00495560421e-05    2.83131430479e-05    3.82649159292e-05    2.80389213003e-05    4.23317105742e-05    6.22749212198e-05    3.71421629097e-05    5.98887709202e-05    9.59810859058e-05
    4.35349647887e-06    1.56724127010e-06    4.71482053399e-08    7.09667801857e-06    2.34140316024e-06    9.02218744159e-08    1.17870513350e-05    3.46160959452e-06    1.53959263116e-07   -9.40417521633e-06   -8.37746483739e-06   -7.45643774280e-06   -1.28656392917e-05   -1.12830457510e-05   -9.83529389487e-06   -1.73535954673e-05   -1.51466156240e-05   -1.29383442982e-05
   -8.40853317641e-06   -8.71557858773e-06   -7.87738827057e-06   -1.53228756972e-05   -1.44290970638e-05   -1.18376920000e-05   -3.00418469124e-05   -2.45744013228e-05   -1.76220783032e-05   -1.74730666913e-05   -1.67817051988e-05   -1.53495784616e-05   -2.94775236398e-05   -2.73194746114e-05   -2.37381755142e-05   -5.48359821551e-05   -4.75194246974e-05   -3.80162236979e-05
   -2.81972461380e-05   -2.80066160485e-05   -2.46988201980e-05   -5.55579026695e-05   -5.23671042174e-05   -4.24435711466e-05   -1.24778889585e-04   -1.07761588879e-04   -7.64051219448e-05   -1.84788950719e-05   -2.19314824790e-05   -2.32469756156e-05   -3.21789411828e-05   -3.95410461351e-05   -4.08464984503e-05   -6.37449556962e-05   -8.10425262898e-05   -7.85393058322e-05
   -4.22811717726e-05   -4.80317976326e-05   -4.78269066662e-05   -8.06130992714e-05   -9.32336843107e-05   -9.00062150322e-05   -1.71067949850e-04   -2.04198004212e-04   -1.87022378668e-04   -8.54895915836e-06   -1.60164199769e-05   -2.32388265431e-05   -9.41188773140e-06   -2.63907713816e-05   -4.25579492003e-05   -3.21771949530e-06   -4.76872082800e-05   -8.91310628504e-05
   -4.19456046075e-05   -5.46337105334e-05   -6.35696778772e-05   -7.09670712240e-05   -9.91408887785e-05   -1.19483302115e-04   -1.24929647427e-04   -1.94226551685e-04   -2.47586867772e-04    4.18222043663e-06   -1.39814801514e-06   -1.06455991045e-05    1.47204264067e-05    5.29747921973e-06   -1.43496436067e-05    4.33664536104e-05    2.94228084385e-05   -1.67707912624e-05
   -3.25278961100e-05   -4.63538162876e-05   -6.12966032350e-05   -4.77579305880e-05   -7.39115057513e-05   -1.05096951302e-04   -6.89062289894e-05   -1.19289761642e-04   -1.88418343896e-04    1.13420537673e-05    1.06460356619e-05    5.91331627220e-06    2.31698504649e-05    2.51180608757e-05    1.87379191630e-05    4.61554736830e-05    5.81584754400e-05    5.36622246727e-05
   -2.22548260354e-05   -3.29893373419e-05   -4.70224767923e-05   -2.87967850454e-05   -4.59252623841e-05   -7.06847640686e-05   -3.56054806616e-05   -6.19840284344e-05   -1.05245962914e-04    1.27694875118e-05    1.51621497935e-05    1.56663008966e-05    2.13145631278e-05    2.76559148915e-05    3.17800731864e-05    3.46473643731e-05    4.95895801578e-05    6.41305814497e-05
   -1.45054946188e-05   -2.15941690840e-05   -3.17036756314e-05   -1.69905251823e-05   -2.68289295491e-05   -4.20270225732e-05   -1.88508420251e-05   -3.16648220178e-05   -5.34525315743e-05    1.14146496344e-05    1.45856756717e-05    1.75744935405e-05    1.67124744621e-05    2.28350654652e-05    2.96458892990e-05    2.38486245507e-05    3.48097019014e-05    4.90540696774e-05
   -4.23578312621e-04   -1.95877510123e-04   -1.00354955066e-04   -3.48972389475e-04   -1.86251418199e-04   -1.03710917756e-04   -2.65596318059e-04   -1.60586205311e-04   -9.77508898359e-05    4.36834234279e-04    2.29949218920e-04    1.26047074446e-04    3.00260144286e-04    1.89378260984e-04    1.17739073175e-04    1.95448956219e-04    1.41819939017e-04    9.84538201010e-05
   -1.42224831507e-03   -5.90136041865e-04   -2.62163084699e-04   -8.40875494760e-04   -4.50376101071e-04   -2.37078784266e-04   -5.11279038619e-04   -3.23761894833e-04   -1.95784901734e-04    9.70546971075e-04    5.41483750567e-04    2.82704131678e-04    4.68204671051e-04    3.43801511917e-04    2.20922811422e-04    2.43416143348e-04    2.11267324630e-04    1.58209877554e-04
   -2.95134261250e-03   -1.53676141053e-03   -6.85210106894e-04   -1.37775205076e-03   -9.09928930923e-04   -5.10764075443e-04   -7.29156890884e-04   -5.47386007383e-04   -3.59673285857e-04    6.56701158732e-04    8.09298362583e-04    5.16977161169e-04    2.76844366454e-04    4.03479207307e-04    3.33496136591e-04    1.36558956001e-04    2.10439320654e-04    2.03247182071e-04
   -2.00346112251e-03   -1.74726359546e-03   -9.27783548832e-04   -1.14302150905e-03   -1.09731219709e-03   -7.74967484176e-04   -6.62665115669e-04   -6.44007232040e-04   -5.10923564434e-04   -5.46271912754e-04    1.90365273738e-04    3.63751314580e-04   -2.00365320779e-04    1.06351944851e-04    2.65800626948e-04   -7.58009264246e-05    6.35378819425e-05    1.53215369210e-04
   -6.56559132040e-04   -9.35206189752e-04   -4.88543882966e-04   -5.51156699657e-04   -7.30957835913e-04   -6.89737498760e-04   -4.05462924391e-04   -4.97389119118e-04   -4.97431028634e-04   -5.55515289307e-04   -3.41825652868e-04    1.40208285302e-04   -3.19598475471e-04   -1.98676716536e-04    1.96497421712e-05   -1.74317392521e-04   -9.91253182292e-05    1.18061143439e-05
   -1.77728943527e-04   -3.28770838678e-04   -3.83923761547e-04   -2.11587175727e-04   -3.34545038640e-04   -4.20049764216e-04   -1.98947964236e-04   -2.81833345070e-04   -3.43613792211e-04   -2.86687863991e-04   -3.22645064443e-04   -1.31935812533e-04   -2.21820082515e-04   -2.29418510571e-04   -1.42052304000e-04   -1.53910368681e-04   -1.45795638673e-04   -9.31433169171e-05
   -4.76808054373e-05   -9.79891046882e-05   -1.65866222233e-04   -7.78021058068e-05   -1.31824053824e-04   -1.97815243155e-04   -9.01520252228e-05   -1.36577291414e-04   -1.89018901438e-04   -1.37760071084e-04   -1.80038623512e-04   -1.77898909897e-04   -1.28207611851e-04   -1.55629822984e-04   -1.53084984049e-04   -1.05525832623e-04   -1.19013129734e-04   -1.12521229312e-04
   -1.17553281598e-05   -2.78709921986e-05   -5.52216079086e-05   -2.88625597022e-05   -5.04829222336e-05   -8.21845605969e-05   -4.03742888011e-05   -6.28444831818e-05   -9.27434302866e-05   -6.97476207279e-05   -9.34826675802e-05   -1.12905399874e-04   -7.27083534002e-05   -9.25658969209e-05   -1.07166124508e-04   -6.71952147968e-05   -8.10064375401e-05   -8.93592368811e-05
   -3.90373170376e-04   -1.58299226314e-04   -7.84968142398e-05   -4.39590075985e-04   -1.90147547983e-04   -9.46279033087e-05   -3.90289933421e-04   -1.94054737221e-04   -1.03398051579e-04    4.84343327116e-04    1.88960038940e-04    8.68472634465e-05    4.97318687849e-04    2.36386476899e-04    1.21526114526e-04    3.66745807696e-04    2.12343380554e-04    1.24116791994e-04
   -2.49357777648e-03   -6.22458755970e-04   -2.28064018302e-04   -1.82334764395e-03   -6.40541547909e-04   -2.61240638793e-04   -1.09322136268e-03   -5.22057933267e-04   -2.53120088018e-04    2.48885131441e-03    6.94002956152e-04    2.50652083196e-04    1.40764925163e-03    6.46391999908e-04    2.98670784105e-04    6.69290311635e-04    4.35682595707e-04    2.54111364484e-04
   -6.63805752993e-03   -2.44174152613e-03   -8.48256750032e-04   -4.48207370937e-03   -1.93340238184e-03   -7.57492380217e-04   -1.98418740183e-03   -1.18600670248e-03   -5.98692568019e-04    1.29472464323e-03    8.52569937706e-04    5.16627915204e-04    1.05921644717e-03    1.09985005111e-03    5.95371238887e-04    4.17773844674e-04    5.71764539927e-04    4.21662116423e-04
   -1.83667987585e-03    1.12154334784e-02    4.89387661219e-03   -2.50936485827e-03   -1.65594741702e-03   -5.30844554305e-04   -1.52066349983e-03   -1.42523553222e-03   -9.07215289772e-04   -6.87632709742e-04    1.06976367533e-03   -5.35028055310e-03   -8.62535089254e-04    2.65542388661e-04    1.48005783558e-04   -3.31280753016e-04    1.41027194331e-04    3.35786025971e-04
   -3.05413268507e-04   -2.41305679083e-04    8.26697796583e-03   -6.34593889117e-04   -8.88081267476e-04    4.53144311905e-04   -6.18121121079e-04   -8.54800455272e-04   -7.13048502803e-04   -7.51325860620e-04    4.67263162136e-04    4.81605529785e-03   -6.86040148139e-04   -3.46181914210e-04    4.72641550004e-04   -4.27113845944e-04   -2.71329190582e-04    4.55067493021e-05
   -9.23406332731e-06   -1.08622480184e-04   -7.75698572397e-05   -1.34914880618e-04   -2.82721593976e-04   -2.76793725789e-04   -2.02514929697e-04   -3.43385618180e-04   -4.26485203207e-04   -2.49141594395e-04   -2.92521435767e-04    4.83356416225e-04   -3.01913823932e-04   -3.50272748619e-04   -3.05240973830e-05   -2.57156789303e-04   -2.78018414974e-04   -1.54958106577e-04
    1.79780181497e-05    9.73232090473e-07   -4.90155071020e-05   -2.66177812591e-05   -6.88340514898e-05   -1.31500419229e-04   -6.50237780064e-05   -1.19117321447e-04   -1.88136473298e-04   -9.40181780607e-05   -1.33998109959e-04   -1.15265138447e-04   -1.32559798658e-04   -1.79187627509e-04   -1.72893051058e-04   -1.35599984787e-04   -1.70880230144e-04   -1.69607810676e-04
    1.55408633873e-05    1.36636663228e-05    2.54658516496e-06   -2.08819983527e-06   -1.38103496283e-05   -3.64705920219e-05   -2.08703568205e-05   -4.03512967750e-05   -7.07642175257e-05   -4.16819239035e-05   -5.92030119151e-05   -7.43760028854e-05   -6.37499033473e-05   -8.74069519341e-05   -1.07361702248e-04   -7.25837890059e-05   -9.48784872890e-05   -1.12319830805e-04
   -2.96818325296e-04   -1.28582469188e-04   -6.71256566420e-05   -3.36655648425e-04   -1.40033080243e-04   -7.13011831976e-05   -4.29187202826e-04   -1.76784815267e-04   -8.68871575221e-05   -1.29472755361e-04   -4.50516563433e-05   -1.95272787096e-05    3.51167400368e-04    1.27271923702e-04    5.63013090868e-05    5.24094793946e-04    2.24728282774e-04    1.08772583189e-04
   -2.09908233956e-03   -4.99200541526e-04   -1.90269201994e-04   -2.39874934778e-03   -5.55502483621e-04   -2.05251271836e-04   -2.23580515012e-03   -6.55199983157e-04   -2.49071745202e-04   -1.04115984868e-03   -1.96934852283e-04   -6.13245356362e-05    2.38720723428e-03    5.22799673490e-04    1.71691935975e-04    1.97495450266e-03    7.16052018106e-04    2.91428004857e-04
    1.29721462727e-01   -4.33004321530e-03   -9.79305477813e-04    2.85460054874e-02   -2.99297273159e-03   -9.11611423362e-04   -6.55934214592e-03   -2.26813368499e-03   -8.07156320661e-04    8.07397067547e-03    7.31293112040e-04   -1.01831974462e-04   -7.73452222347e-03   -5.37019222975e-04    3.20209655911e-04    1.61045230925e-03    1.28467567265e-03    6.11271243542e-04
   -5.29382377863e-04    3.49831581116e-02    9.34973359108e-04   -4.01306897402e-04    3.73588502407e-02    7.77978450060e-03   -2.68869102001e-03    5.85541129112e-04    1.04689970613e-03   -1.41665339470e-03   -2.63527035713e-03    1.02715566754e-02    1.35142356157e-03    3.43727879226e-03   -1.46103277802e-02   -1.14542432129e-03    4.23570163548e-04   -1.04195438325e-03
    1.22401397675e-04   -7.49831087887e-04    1.93957239389e-03   -5.28176315129e-05   -2.57743522525e-04    1.02934241295e-02   -5.19163440913e-04   -6.21732324362e-04    3.11620533466e-03    2.08566198125e-04   -6.54174946249e-04   -6.40915706754e-03   -5.59836626053e-04    1.09279528260e-03    1.00032612681e-02   -7.74147920310e-04   -1.31139531732e-04    1.58745795488e-03
    8.58923885971e-05    3.12074553221e-05   -4.68392390758e-04    5.03781484440e-05   -2.07324046642e-05   -2.30432488024e-04   -7.59388785809e-05   -2.04809475690e-04   -1.35051086545e-04    6.01081410423e-05    6.83992402628e-05   -2.91599426419e-04   -1.69166014530e-04   -1.95433385670e-04    6.08158297837e-04   -2.92452750728e-04   -3.44421714544e-04    1.89910642803e-04
    4.47320053354e-05    4.66249184683e-05   -1.91561412066e-06    3.51940980181e-05    3.00677493215e-05   -1.80385541171e-05   -3.76661773771e-06   -3.42028215528e-05   -8.97352583706e-05    2.10230064113e-05    3.07157461066e-05    2.33587343246e-05   -6.07335823588e-05   -8.79948493093e-05   -7.03451223671e-05   -1.18230236694e-04   -1.64596131071e-04   -1.51514541358e-04
    2.49539152719e-05    2.91192554869e-05    2.54210317507e-05    2.16576154344e-05    2.36759660766e-05    1.73086300492e-05    7.32514308766e-06    5.80621417612e-07   -1.63441291079e-05    8.96412529983e-06    1.29467662191e-05    1.64059747476e-05   -2.62430694420e-05   -3.76894604415e-05   -4.76249260828e-05   -5.43612986803e-05   -7.60052353144e-05   -9.45944339037e-05
   -4.29188366979e-04   -1.76783069037e-04   -8.68874485604e-05   -3.36664961651e-04   -1.40033080243e-04   -7.13017652743e-05   -2.96826474369e-04   -1.28578976728e-04   -6.71253656037e-05   -5.24096540175e-04   -2.24728064495e-04   -1.08772670501e-04   -3.51165363099e-04   -1.27271923702e-04   -5.63013127248e-05    1.29473410198e-04    4.50515835837e-05    1.95272878045e-05
   -2.23580445163e-03   -6.55200565234e-04   -2.49073782470e-04   -2.39874003455e-03   -5.55502483621e-04   -2.05251853913e-04   -2.09908001125e-03   -4.99206362292e-04   -1.90272112377e-04   -1.97495333850e-03   -7.16051436029e-04   -2.91428586934e-04   -2.38720094785e-03   -5.22797345184e-04   -1.71693100128e-04    1.04115926661e-03    1.96934415726e-04    6.13244628767e-05
   -6.55954703689e-03   -2.26810574532e-03   -8.07151664048e-04    2.85451114178e-02   -2.99295410514e-03   -9.11609386094e-04    1.29721760750e-01   -4.33003623039e-03   -9.79304313660e-04   -1.61040574312e-03   -1.28469429910e-03   -6.11254945397e-04    7.73459672928e-03    5.36963343620e-04   -3.20214312524e-04   -8.07411968708e-03   -7.31255859137e-04    1.01831974462e-04
   -2.68872827291e-03    5.85466623306e-04    1.04693695903e-03   -4.01400029659e-04    3.73585522175e-02    7.77967274189e-03   -5.29363751411e-04    3.49834561348e-02    9.35085117817e-04    1.14543363452e-03   -4.23571327701e-04    1.04198232293e-03   -1.35157257318e-03   -3.43728810549e-03    1.46104395390e-02    1.41662545502e-03    2.63526104391e-03   -1.02714821696e-02
   -5.19156455994e-04   -6.21732324362e-04    3.11627984047e-03   -5.28036616743e-05   -2.57724896073e-04    1.02934241295e-02    1.22396741062e-04   -7.49812461436e-04    1.93962827325e-03    7.74150248617e-04    1.31139531732e-04   -1.58745795488e-03    5.59831969440e-04   -1.09276734293e-03   -1.00032240152e-02   -2.08563869819e-04    6.54188916087e-04    6.40921294689e-03
   -7.59435351938e-05   -2.04804819077e-04   -1.35060399771e-04    5.03746559843e-05   -2.07300763577e-05   -2.30432488024e-04    8.58906423673e-05    3.12097836286e-05   -4.68392390758e-04    2.92443437502e-04    3.44414729625e-04   -1.89901329577e-04    1.69164850377e-04    1.95435713977e-04   -6.08172267675e-04   -6.01081410423e-05   -6.83992402628e-05    2.91594769806e-04
   -3.76778189093e-06   -3.41993290931e-05   -8.97329300642e-05    3.51891503669e-05    3.00677493215e-05   -1.80350616574e-05    4.47296770290e-05    4.66249184683e-05   -1.91619619727e-06    1.18231982924e-04    1.64594966918e-04    1.51512213051e-04    6.07350375503e-05    8.79954313859e-05    7.03427940607e-05   -2.10229336517e-05   -3.07158916257e-05   -2.33587343246e-05
    7.32485204935e-06    5.81785570830e-07   -1.63464574143e-05    2.16573243961e-05    2.36765481532e-05    1.73074658960e-05    2.49536242336e-05    2.91195465252e-05    2.54210317507e-05    5.43618807569e-05    7.60034890845e-05    9.45955980569e-05    2.62440880761e-05    3.76897514798e-05    4.76284185424e-05   -8.96405254025e-06   -1.29469844978e-05   -1.64064113051e-05
   -3.90287605114e-04   -1.94054737221e-04   -1.03398342617e-04   -4.39594732597e-04   -1.90146965906e-04   -9.46279033087e-05   -3.90374334529e-04   -1.58295733854e-04   -7.84950680099e-05   -3.66745953215e-04   -2.12343322346e-04   -1.24116791994e-04   -4.97317523696e-04   -2.36386651522e-04   -1.21526078146e-04   -4.84342454001e-04   -1.88959966181e-04   -8.68472925504e-05
   -1.09322043136e-03   -5.22058166098e-04   -2.53119796980e-04   -1.82334589772e-03   -6.40541547909e-04   -2.61240056716e-04   -2.49358126894e-03   -6.22457009740e-04   -2.28062272072e-04   -6.69292057864e-04   -4.35682304669e-04   -2.54111364484e-04   -1.40765099786e-03   -6.46391999908e-04   -2.98671075143e-04   -2.48884665780e-03   -6.94003538229e-04   -2.50651501119e-04
   -1.98418041691e-03   -1.18600437418e-03   -5.98689075559e-04   -4.48206439614e-03   -1.93339772522e-03   -7.57493544370e-04   -6.63850456476e-03   -2.44176015258e-03   -8.48257914186e-04   -4.17770352215e-04   -5.71764539927e-04   -4.21663280576e-04   -1.05920713395e-03   -1.09985005111e-03   -5.95375895500e-04   -1.29465013742e-03   -8.52588564157e-04   -5.16618601978e-04
   -1.52069609612e-03   -1.42523087561e-03   -9.07205976546e-04   -2.50942073762e-03   -1.65596604347e-03   -5.30844554305e-04   -1.83647498488e-03    1.12150609493e-02    4.89402562380e-03    3.31274932250e-04   -1.41026757774e-04   -3.35788354278e-04    8.62544402480e-04   -2.65542970737e-04   -1.48005783558e-04    6.87595456839e-04   -1.06974737719e-03    5.35018742085e-03
   -6.18118792772e-04   -8.54800455272e-04   -7.13057816029e-04   -6.34605530649e-04   -8.88081267476e-04    4.53125685453e-04   -3.05410940200e-04   -2.41352245212e-04    8.26708972454e-03    4.27116174251e-04    2.71331518888e-04   -4.55067493021e-05    6.86058774590e-04    3.46191227436e-04   -4.72650863230e-04    7.51337502152e-04   -4.67253848910e-04   -4.81605529785e-03
   -2.02506780624e-04   -3.43387946486e-04   -4.26480546594e-04   -1.34910224006e-04   -2.82719265670e-04   -2.76793725789e-04   -9.23406332731e-06   -1.08622480184e-04   -7.75838270783e-05    2.57157953456e-04    2.78021907434e-04    1.54958106577e-04    3.01906839013e-04    3.50270420313e-04    3.05194407701e-05    2.49152071774e-04    2.92533077300e-04   -4.83356416225e-04
   -6.50261063129e-05   -1.19118485600e-04   -1.88129488379e-04   -2.66142887995e-05   -6.88363797963e-05   -1.31500419229e-04    1.79780181497e-05    9.72067937255e-07   -4.90131787956e-05    1.35598238558e-04    1.70879065990e-04    1.69607810676e-04    1.32557470351e-04    1.79191119969e-04    1.72904692590e-04    9.40205063671e-05    1.34001020342e-04    1.15260481834e-04
   -2.08703568205e-05   -4.03507146984e-05   -7.07642175257e-05   -2.08994606510e-06   -1.38103496283e-05   -3.64700099453e-05    1.55431916937e-05    1.36636663228e-05    2.54774931818e-06    7.25826248527e-05    9.48761589825e-05    1.12316338345e-04    6.37490302324e-05    8.74086981639e-05    1.07364030555e-04    4.16820694227e-05    5.92024298385e-05    7.43760028854e-05
   -2.65596609097e-04   -1.60585914273e-04   -9.77507443167e-05   -3.48972389475e-04   -1.86251418199e-04   -1.03711499833e-04   -4.23584715463e-04   -1.95878092200e-04   -1.00355246104e-04   -1.95449028979e-04   -1.41819837154e-04   -9.84537473414e-05   -3.00259853248e-04   -1.89378173673e-04   -1.17738927656e-04   -4.36831032857e-04   -2.29949146160e-04   -1.26047016238e-04
   -5.11278922204e-04   -3.23762069456e-04   -1.95784959942e-04   -8.40875261929e-04   -4.50376013760e-04   -2.37078842474e-04   -1.42224971205e-03   -5.90135867242e-04   -2.62162793661e-04   -2.43416434387e-04   -2.11267615668e-04   -1.58209877554e-04   -4.68202779302e-04   -3.43803258147e-04   -2.20924266614e-04   -9.70546388999e-04   -5.41483168490e-04   -2.82704422716e-04
   -7.29148741812e-04   -5.47387171537e-04   -3.59672121704e-04   -1.37776136398e-03   -9.09930095077e-04   -5.10767567903e-04   -2.95137520880e-03   -1.53676606715e-03   -6.85210106894e-04   -1.36557791848e-04   -2.10436701309e-04   -2.03246599995e-04   -2.76845239569e-04   -4.03479789384e-04   -3.33494972438e-04   -6.56698830426e-04   -8.09286721051e-04   -5.16981817782e-04
   -6.62681413814e-04   -6.44002575427e-04   -5.10932877660e-04   -1.14302616566e-03   -1.09730288386e-03   -7.74958170950e-04   -2.00344715267e-03   -1.74725428224e-03   -9.27764922380e-04    7.58023816161e-05   -6.35381729808e-05   -1.53215951286e-04    2.00364156626e-04   -1.06351872091e-04   -2.65802955255e-04    5.46248629689e-04   -1.90364691662e-04   -3.63758299500e-04
   -4.05475730076e-04   -4.97396104038e-04   -4.97421715409e-04   -5.51159027964e-04   -7.30976462364e-04   -6.89737498760e-04   -6.56549818814e-04   -9.35210846364e-04   -4.88562509418e-04    1.74317974597e-04    9.91253182292e-05   -1.18068419397e-05    3.19601967931e-04    1.98676716536e-04   -1.96491600946e-05    5.55524602532e-04    3.41823324561e-04   -1.40210613608e-04
   -1.98956113309e-04   -2.81829852611e-04   -3.43620777130e-04   -2.11583683267e-04   -3.34533397108e-04   -4.20031137764e-04   -1.77732435986e-04   -3.28768510371e-04   -3.83919104934e-04    1.53903383762e-04    1.45797384903e-04    9.31421527639e-05    2.21823574975e-04    2.29417346418e-04    1.42056960613e-04    2.86686699837e-04    3.22635751218e-04    1.31926499307e-04
   -9.01508610696e-05   -1.36573798954e-04   -1.89013080671e-04   -7.78021058068e-05   -1.31824053824e-04   -1.97817571461e-04   -4.76808054373e-05   -9.79902688414e-05   -1.65859237313e-04    1.05526414700e-04    1.19013711810e-04    1.12517736852e-04    1.28210522234e-04    1.55627494678e-04    1.53082655743e-04    1.37762399390e-04    1.80040951818e-04    1.77901238203e-04
   -4.03731246479e-05   -6.28421548754e-05   -9.27422661334e-05   -2.88625597022e-05   -5.04829222336e-05   -8.21833964437e-05   -1.17532908916e-05   -2.78704101220e-05   -5.52192796022e-05    6.71957968734e-05    8.10087658465e-05    8.93604010344e-05    7.27092265151e-05    9.25653148443e-05    1.07164960355e-04    6.97499490343e-05    9.34820855036e-05    1.12900743261e-04
   -1.69821432792e-04   -1.17873132695e-04   -8.04482988315e-05   -2.29096331168e-04   -1.45949888974e-04   -9.25941276364e-05   -3.06132133119e-04   -1.74487067852e-04   -1.01648329291e-04   -1.03469537862e-04   -8.67347771418e-05   -6.84315455146e-05   -1.57436079462e-04   -1.20797376439e-04   -8.79458821146e-05   -2.42786773015e-04   -1.65075689438e-04   -1.08715430542e-04
   -2.65343755018e-04   -1.95464919670e-04   -1.36796588777e-04   -4.05917264288e-04   -2.73118785117e-04   -1.74697590410e-04   -6.52002752759e-04   -3.83116741432e-04   -2.17140332097e-04   -1.05949584395e-04   -1.05744984467e-04   -9.20270395000e-05   -1.81036302820e-04   -1.66464742506e-04   -1.32239219965e-04   -3.34047508659e-04   -2.69433949143e-04   -1.88102421816e-04
   -3.36768280249e-04   -2.79792584479e-04   -2.11783917621e-04   -5.51938428544e-04   -4.32171509601e-04   -3.00631509162e-04   -9.87900421023e-04   -7.02019315213e-04   -4.29895590059e-04   -5.88417242398e-05   -9.15770942811e-05   -1.00033648778e-04   -1.00621546153e-04   -1.56497408170e-04   -1.59211049322e-04   -1.91024300875e-04   -2.88658775389e-04   -2.60562519543e-04
   -3.25475120917e-04   -3.17012891173e-04   -2.73421173915e-04   -5.15296123922e-04   -5.01461327076e-04   -4.12180088460e-04   -8.64809844643e-04   -8.37561674416e-04   -6.33313320577e-04    1.85842509381e-05   -3.28478199663e-05   -7.08227162249e-05    4.73868567497e-05   -5.02830152982e-05   -1.16962182801e-04    1.22465717141e-04   -8.15404200694e-05   -2.02287337743e-04
   -2.43401154876e-04   -2.75777420029e-04   -2.76926439255e-04   -3.42385610566e-04   -4.07061306760e-04   -4.09064814448e-04   -4.76592686027e-04   -6.06500543654e-04   -5.97257167101e-04    7.19371018931e-05    3.48981120624e-05   -1.05965227704e-05    1.28947431222e-04    6.96768984199e-05   -1.14670547191e-05    2.36333580688e-04    1.41014461406e-04   -1.31840351969e-05
   -1.51981948875e-04   -1.92250590771e-04   -2.20801448449e-04   -1.84624223039e-04   -2.50377925113e-04   -2.98977829516e-04   -2.09043500945e-04   -3.11543699354e-04   -3.87032050639e-04    8.28577321954e-05    7.01975659467e-05    4.19755815528e-05    1.25792576000e-04    1.14448484965e-04    7.19865784049e-05    1.86355318874e-04    1.84300588444e-04    1.17783201858e-04
   -8.60163709149e-05   -1.16143492050e-04   -1.46703096107e-04   -9.09849768505e-05   -1.31967826746e-04   -1.76548492163e-04   -8.60122963786e-05   -1.37098832056e-04   -1.97077170014e-04    7.01204407960e-05    7.17819784768e-05    6.30615977570e-05    9.31040267460e-05    1.01443729363e-04    9.36142168939e-05    1.17624294944e-04    1.37559836730e-04    1.32968416438e-04
   -4.67468635179e-05   -6.52374001220e-05   -8.72090458870e-05   -4.38102870248e-05   -6.54126051813e-05   -9.30042006075e-05   -3.54077201337e-05   -5.79643528908e-05   -8.93708784133e-05    5.22629125044e-05    5.83651126362e-05    5.99358463660e-05    6.26393011771e-05    7.35526555218e-05    7.91728962213e-05    7.07322033122e-05    8.76112608239e-05    9.90484841168e-05
   -4.51804953627e-04   -2.34173203353e-04   -1.27030507429e-04   -3.10273026116e-04   -1.92884181160e-04   -1.18725001812e-04   -2.01837974600e-04   -1.44469959196e-04   -9.93398134597e-05    7.05516431481e-04    4.69265505672e-04    3.11377807520e-04    3.66896856576e-04    2.89899180643e-04    2.16930056922e-04    1.94661552086e-04    1.75650638994e-04    1.45971425809e-04
   -9.76298470050e-04   -5.37597283255e-04   -2.78324907413e-04   -4.70554805361e-04   -3.41522681993e-04   -2.17770735617e-04   -2.44754191954e-04   -2.10094585782e-04   -1.56182286446e-04    9.18846344575e-04    7.45677389205e-04    5.11520192958e-04    3.41637060046e-04    3.58714605682e-04    2.99836101476e-04    1.46923703142e-04    1.80088682100e-04    1.73859734787e-04
   -5.68613177165e-04   -7.51299085096e-04   -4.84383199364e-04   -2.45135161094e-04   -3.76017385861e-04   -3.13920900226e-04   -1.23418867588e-04   -1.97347108042e-04   -1.92225779756e-04    2.65763810603e-04    6.72092835885e-04    6.52582966723e-04    7.41543044569e-05    2.45016854024e-04    3.08681046590e-04    2.74701233138e-05    1.03324709926e-04    1.51433196152e-04
    6.78924843669e-04   -5.63333742321e-05   -2.79006781057e-04    2.55333725363e-04   -4.45789191872e-05   -2.14112442336e-04    1.00574688986e-04   -3.53367067873e-05   -1.26894738059e-04    1.41889322549e-04    1.71963474713e-04    4.40568255726e-04    1.11432746053e-05    3.38956306223e-05    1.60945230164e-04   -8.82835593075e-06    7.94207153376e-06    6.66340565658e-05
    6.23788218945e-04    4.52478416264e-04   -4.63100150228e-05    3.59846744686e-04    2.58744694293e-04    4.83402982354e-05    1.97150511667e-04    1.30494590849e-04    2.42749229074e-05    3.92019283026e-04    1.66599638760e-04    1.62988435477e-04    1.43691431731e-04    5.07850199938e-05    3.85710154660e-05    4.99351881444e-05    1.00856414065e-05    7.34042259865e-06
    3.13929049298e-04    3.74093651772e-04    2.06576660275e-04    2.43228860199e-04    2.65492126346e-04    1.94190070033e-04    1.69136328623e-04    1.68993137777e-04    1.24794896692e-04    3.33944335580e-04    2.82339751720e-04    9.70019027591e-05    1.78370391950e-04    1.34869478643e-04    6.06325920671e-05    9.00367740542e-05    5.94474840909e-05    2.38668872043e-05
    1.49188563228e-04    2.01112125069e-04    2.14201863855e-04    1.38989416882e-04    1.73904700205e-04    1.82383228093e-04    1.14552094601e-04    1.33152352646e-04    1.33552821353e-04    2.22572125494e-04    2.38716602325e-04    1.83847732842e-04    1.46803213283e-04    1.44705409184e-04    1.09784305096e-04    9.12160612643e-05    8.22194851935e-05    5.84893859923e-05
    7.50794424675e-05    1.02694029920e-04    1.28741376102e-04    7.83149152994e-05    1.01751065813e-04    1.22038181871e-04    7.24373967387e-05    8.91316449270e-05    1.01720215753e-04    1.43765937537e-04    1.65873207152e-04    1.67214311659e-04    1.07481610030e-04    1.17187155411e-04    1.12589914352e-04    7.61565752327e-05    7.80774280429e-05    7.07758590579e-05
   -5.01766917296e-04   -1.92411534954e-04   -8.74725810718e-05   -5.14648854733e-04   -2.40718072746e-04   -1.22445635498e-04   -3.79125704058e-04   -2.16254848056e-04   -1.25119113363e-04    1.65843637660e-03    8.27154144645e-04    4.63568721898e-04    9.67828091234e-04    5.83772780374e-04    3.64296138287e-04    5.08890952915e-04    3.70713532902e-04    2.61545646936e-04
   -2.52404180355e-03   -6.89850654453e-04   -2.46499897912e-04   -1.41786760651e-03   -6.41815247945e-04   -2.93900666293e-04   -6.72830501571e-04   -4.32631786680e-04   -2.50321463682e-04    4.87126410007e-03    2.02893326059e-03    9.74350492470e-04    1.58925307915e-03    1.07241852675e-03    6.54205912724e-04    5.49794058315e-04    5.15806605108e-04    3.93289374188e-04
   -1.80708710104e-03   -8.80341976881e-04   -4.82900068164e-04   -9.14769480005e-04   -1.02360849269e-03   -5.56815648451e-04   -3.65629093722e-04   -5.31460216735e-04   -3.95963434130e-04    3.49828042090e-03    2.83237546682e-03    1.62815209478e-03    5.83980407100e-04    1.15772709250e-03    9.34293493629e-04    1.34423462441e-04    3.98717238568e-04    4.48614737252e-04
    8.88202339411e-04   -3.24463471770e-03    4.14172187448e-03    1.06512103230e-03   -1.18343159556e-04   -9.54070128500e-05    4.16121911258e-04   -4.80574090034e-05   -2.65407143161e-04    7.46641308069e-04    1.92130450159e-03   -2.58348882198e-04    3.49450856447e-04    4.24337922595e-04    7.20836687833e-04    4.93740662932e-05    7.41444819141e-05    2.63325928245e-04
    8.44271853566e-04   -4.07118350267e-04   -6.68533146381e-03    7.70008191466e-04    4.81139868498e-04   -4.59551811218e-04    4.80157323182e-04    3.54191288352e-04    4.27709892392e-05    1.30712985992e-03   -5.01535832882e-04   -1.10125169158e-03    6.21941871941e-04    2.37147323787e-04    2.92954500765e-04    2.39496584982e-04    9.65385697782e-05    8.09534685686e-05
    2.72527104244e-04    3.43578867614e-04   -4.62932512164e-04    3.30427428707e-04    4.07279003412e-04    1.06347724795e-04    2.81777465716e-04    3.21879051626e-04    2.19414941967e-04    6.74175098538e-04    5.99725171924e-04   -7.30399042368e-04    4.39733266830e-04    3.86028550565e-04    4.72133979201e-05    2.46544368565e-04    1.97975896299e-04    8.51205550134e-05
    1.01712648757e-04    1.49767147377e-04    1.44243240356e-04    1.43492943607e-04    2.00177310035e-04    2.10164580494e-04    1.46915554069e-04    1.90897844732e-04    2.02907249331e-04    3.44777945429e-04    4.06615436077e-04    2.67764553428e-04    2.65152193606e-04    2.95278150588e-04    2.21850350499e-04    1.82474032044e-04    1.87829136848e-04    1.44822988659e-04
    4.48315404356e-05    6.50057336316e-05    8.50798096508e-05    6.85997656547e-05    9.60018951446e-05    1.22548080981e-04    7.81501876190e-05    1.04256905615e-04    1.27974199131e-04    1.92878069356e-04    2.36975029111e-04    2.49291770160e-04    1.61948846653e-04    1.91563740373e-04    1.96741893888e-04    1.25296646729e-04    1.40662305057e-04    1.38664618134e-04
    1.34200236062e-04    4.58744034404e-05    1.96650580619e-05   -3.63923609257e-04   -1.29595282488e-04   -5.67009556107e-05   -5.42681664228e-04   -2.28837889154e-04   -1.09573447844e-04    2.19263602048e-03    9.78987663984e-04    5.18589513376e-04    1.98971480131e-03    9.24143241718e-04    4.99239540659e-04    1.29493884742e-03    7.07475701347e-04    4.16691182181e-04
    1.06436165515e-03    1.96001128643e-04    6.02977524977e-05   -2.43270816281e-03   -5.20060595591e-04   -1.68825572473e-04   -1.99446268380e-03   -7.11274740752e-04   -2.86670983769e-04    1.01436441764e-02    2.85410461947e-03    1.18452275638e-03    7.74018466473e-03    2.53249122761e-03    1.10773509368e-03    2.80480831861e-03    1.50902604219e-03    8.14196944702e-04
   -3.87486070395e-04   -5.54979778826e-04    9.57259908319e-05   -5.39217144251e-04    3.04449349642e-04   -3.00053507090e-04   -1.44682824612e-03   -1.21397431940e-03   -5.71091659367e-04   -1.20074748993e-01    2.90647149086e-04    1.96174718440e-03   -6.09941780567e-03    2.44323164225e-03    1.86814460903e-03    1.43429310992e-03    1.95080414414e-03    1.28173502162e-03
    1.63320451975e-03    1.18907168508e-02   -7.75972381234e-03   -1.51585787535e-03   -1.46669149399e-02    1.10954791307e-02    1.41528435051e-03   -5.55310398340e-04    8.44607129693e-04   -9.01497900486e-03   -3.45247238874e-02   -2.91475653648e-02   -2.32491642237e-03   -5.65353780985e-03   -9.60662961006e-03    7.15795904398e-04    1.06343766674e-03    9.56021249294e-04
   -2.34866747633e-04    7.04177655280e-04    9.37663018703e-03    6.29869755358e-04   -1.14085152745e-03   -1.44584476948e-02    8.69091600180e-04    2.61561945081e-04   -2.00061127543e-03    1.85566022992e-03   -4.40873205662e-03   -2.11467593908e-02    1.64896249771e-03   -2.31344252825e-03   -8.49973410368e-03    9.37031581998e-04    1.63204967976e-04    3.01650725305e-04
   -6.57438067719e-05   -8.11368227005e-05    3.05233988911e-04    1.85027020052e-04    2.30909790844e-04   -6.23250380158e-04    3.19969840348e-04    4.02233563364e-04   -1.31530687213e-04    8.24234448373e-04    7.04890117049e-04   -2.38973647356e-03    7.69770704210e-04    6.70915469527e-04   -1.62009149790e-03    5.57661987841e-04    4.98341396451e-04   -1.76038593054e-04
   -2.27389682550e-05   -3.43454303220e-05   -3.00648389384e-05    6.56949123368e-05    9.83785139397e-05    8.95117409527e-05    1.27939274535e-04    1.83916417882e-04    1.86585821211e-04    3.88482585549e-04    4.70443628728e-04    2.67308205366e-04    3.73132061213e-04    4.47845086455e-04    2.70316377282e-04    3.07266600430e-04    3.53320501745e-04    2.51764431596e-04
   -9.63966158452e-06   -1.42151839100e-05   -1.87914702110e-05    2.82247492578e-05    4.13827365264e-05    5.45266084373e-05    5.84780354984e-05    8.34674574435e-05    1.08097447082e-04    2.08507990465e-04    2.60728411376e-04    2.76714563370e-04    2.03112140298e-04    2.52472236753e-04    2.67219729722e-04    1.78751070052e-04    2.15955078602e-04    2.24956311285e-04
    5.42679917999e-04    2.28837889154e-04    1.09573447844e-04    3.63930012099e-04    1.29595428007e-04    5.67011011299e-05   -1.34201109177e-04   -4.58744034404e-05   -1.96650580619e-05    1.29495281726e-03    7.07468716428e-04    4.16691764258e-04    1.98970781639e-03    9.24140913412e-04    4.99236630276e-04    2.19264533371e-03    9.78989992291e-04    5.18590095453e-04
    1.99446501210e-03    7.11274740752e-04    2.86670983769e-04    2.43271025829e-03    5.20060420968e-04    1.68825426954e-04   -1.06436270289e-03   -1.96001012227e-04   -6.02977343078e-05    2.80481297523e-03    1.50902720634e-03    8.14197235741e-04    7.74017302319e-03    2.53248983063e-03    1.10773532651e-03    1.01436767727e-02    2.85410322249e-03    1.18452263996e-03
    1.44682999235e-03    1.21396500617e-03    5.71096315980e-04    5.39347529411e-04   -3.04440036416e-04    3.00051178783e-04    3.87504696846e-04    5.54956495762e-04   -9.57259908319e-05    1.43429380842e-03    1.95079715922e-03    1.28173734993e-03   -6.09934329987e-03    2.44326889515e-03    1.86813063920e-03   -1.20072066784e-01    2.90535390377e-04    1.96172855794e-03
   -1.41534022987e-03    5.55338338017e-04   -8.44588503242e-04    1.51563435793e-03    1.46669149399e-02   -1.10954791307e-02   -1.63313001394e-03   -1.18907168508e-02    7.75977969170e-03    7.15833157301e-04    1.06343999505e-03    9.56021249294e-04   -2.32502818108e-03   -5.65357506275e-03   -9.60662961006e-03   -9.01378691196e-03   -3.45249474049e-02   -2.91477888823e-02
   -8.69072973728e-04   -2.61543318629e-04    2.00059264898e-03   -6.29881396890e-04    1.14079564810e-03    1.44584476948e-02    2.34870240092e-04   -7.04191625118e-04   -9.37663018703e-03    9.37068834901e-04    1.63214281201e-04    3.01660038531e-04    1.64893455803e-03   -2.31340527534e-03   -8.49965959787e-03    1.85556709766e-03   -4.40862029791e-03   -2.11464613676e-02
   -3.19948885590e-04   -4.02228906751e-04    1.31474807858e-04   -1.85027020052e-04   -2.30907462537e-04    6.23269006610e-04    6.57426426187e-05    8.11379868537e-05   -3.05238645524e-04    5.57638704777e-04    4.98332083225e-04   -1.76085159183e-04    7.69770704210e-04    6.70915469527e-04   -1.62011012435e-03    8.24243761599e-04    7.04834237695e-04   -2.38977372646e-03
   -1.27939856611e-04   -1.83910597116e-04   -1.86571851373e-04   -6.56963675283e-05   -9.83773497865e-05   -8.95047560334e-05    2.27389682550e-05    3.43454303220e-05    3.00642568618e-05    3.07259615511e-04    3.53329814970e-04    2.51778401434e-04    3.73141374439e-04    4.47859056294e-04    2.70297750831e-04    3.88503540307e-04    4.70443628728e-04    2.67345458269e-04
   -5.84765803069e-05   -8.34651291370e-05   -1.08098611236e-04   -2.82235851046e-05   -4.13833186030e-05   -5.45277725905e-05    9.64013452176e-06    1.42151839100e-05    1.87908881344e-05    1.78745249286e-04    2.15964391828e-04    2.24970281124e-04    2.03128438443e-04    2.52488534898e-04    2.67215073109e-04    2.08520796150e-04    2.60730739683e-04    2.76714563370e-04
    3.79125704058e-04    2.16255721170e-04    1.25119113363e-04    5.14655839652e-04    2.40717781708e-04    1.22445344459e-04    5.01762842759e-04    1.92411825992e-04    8.74723627931e-05    5.08892117068e-04    3.70710622519e-04    2.61546229012e-04    9.67844389379e-04    5.83770452067e-04    3.64298466593e-04    1.65843171999e-03    8.27156472951e-04    4.63569886051e-04
    6.72831665725e-04    4.32632077718e-04    2.50321521889e-04    1.41786644235e-03    6.41814956907e-04    2.93900433462e-04    2.52404063940e-03    6.89850421622e-04    2.46500188950e-04    5.49795222469e-04    5.15806023031e-04    3.93289374188e-04    1.58925657161e-03    1.07242085505e-03    6.54206203762e-04    4.87127574161e-03    2.02893395908e-03    9.74350841716e-04
    3.65631422028e-04    5.31460216735e-04    3.95962269977e-04    9.14768315852e-04    1.02361431345e-03    5.56819140911e-04    1.80708011612e-03    8.80332663655e-04    4.82902396470e-04    1.34423898999e-04    3.98717820644e-04    4.48614155175e-04    5.83979825024e-04    1.15772651043e-03    9.34298150241e-04    3.49828507751e-03    2.83235684037e-03    1.62813346833e-03
   -4.16133552790e-04    4.80597373098e-05    2.65408307314e-04   -1.06511171907e-03    1.18329189718e-04    9.54070128500e-05   -8.88053327799e-04    3.24472784996e-03   -4.14168462157e-03    4.93787229061e-05    7.41444819141e-05    2.63325986452e-04    3.49432229996e-04    4.24340832978e-04    7.20832031220e-04    7.46753066778e-04    1.92130450159e-03   -2.58367508650e-04
   -4.80164308101e-04   -3.54188960046e-04   -4.27686609328e-05   -7.69975595176e-04   -4.81158494949e-04    4.59561124444e-04   -8.44248570502e-04    4.07118350267e-04    6.68540596962e-03    2.39508226514e-04    9.65362414718e-05    8.09563789517e-05    6.21951185167e-04    2.37128697336e-04    2.92961485684e-04    1.30713917315e-03   -5.01647591591e-04   -1.10117718577e-03
   -2.81765824184e-04   -3.21879051626e-04   -2.19410285354e-04   -3.30441398546e-04   -4.07283660024e-04   -1.06352381408e-04   -2.72532925010e-04   -3.43585852534e-04    4.62960451841e-04    2.46551353484e-04    1.97985209525e-04    8.51368531585e-05    4.39749564976e-04    3.86028550565e-04    4.71947714686e-05    6.74156472087e-04    5.99734485149e-04   -7.30343163013e-04
   -1.46918464452e-04   -1.90887367353e-04   -2.02921219170e-04   -1.43491779454e-04   -2.00179638341e-04   -2.10162252188e-04   -1.01711484604e-04   -1.49772968143e-04   -1.44247896969e-04    1.82476360351e-04    1.87831465155e-04    1.44820660353e-04    2.65170820057e-04    2.95278150588e-04    2.21868976951e-04    3.44763975590e-04    4.06615436077e-04    2.67792493105e-04
   -7.81478593126e-05   -1.04256323539e-04   -1.27976527438e-04   -6.86012208462e-05   -9.60042234510e-05   -1.22545752674e-04   -4.48315404356e-05   -6.50068977848e-05   -8.50809738040e-05    1.25297810882e-04    1.40655320138e-04    1.38655304909e-04    1.61954667419e-04    1.91563740373e-04    1.96725595742e-04    1.92880397663e-04    2.36970372498e-04    2.49291770160e-04
    2.01840593945e-04    1.44470250234e-04    9.93403955363e-05    3.10270115733e-04    1.92884472199e-04    1.18724856293e-04    4.51803789474e-04    2.34171748161e-04    1.27030507429e-04    1.94662134163e-04    1.75650347956e-04    1.45971716847e-04    3.66902095266e-04    2.89899180643e-04    2.16931221075e-04    7.05516431481e-04    4.69268416055e-04    3.11378389597e-04
    2.44756520260e-04    2.10093712667e-04    1.56182068167e-04    4.70557715744e-04    3.41522827512e-04    2.17770779273e-04    9.76299052127e-04    5.37597632501e-04    2.78324907413e-04    1.46923994180e-04    1.80087808985e-04    1.73859589268e-04    3.41640552506e-04    3.58714023605e-04    2.99835519399e-04    9.18845180422e-04    7.45675060898e-04    5.11519727297e-04
    1.23420613818e-04    1.97347399080e-04    1.92225852516e-04    2.45129922405e-04    3.76017269446e-04    3.13919445034e-04    5.68618997931e-04    7.51299085096e-04    4.84382035211e-04    2.74699777947e-05    1.03324418887e-04    1.51433268911e-04    7.41545954952e-05    2.45016708504e-04    3.08681192109e-04    2.65762064373e-04    6.72092428431e-04    6.52582966723e-04
   -1.00573524833e-04    3.53367067873e-05    1.26895320136e-04   -2.55340710282e-04    4.45765908808e-05    2.14112660615e-04   -6.78957439959e-04    5.63380308449e-05    2.79006781057e-04   -8.82806489244e-06    7.94214429334e-06    6.66341293254e-05    1.11415283754e-05    3.38953395840e-05    1.60945201060e-04    1.41886994243e-04    1.71962892637e-04    4.40567382611e-04
   -1.97156332433e-04   -1.30495755002e-04   -2.42737587541e-05   -3.59850237146e-04   -2.58756335825e-04   -4.83472831547e-05   -6.23806845397e-04   -4.52469103038e-04    4.62960451841e-05    4.99363522977e-05    1.00862234831e-05    7.33998604119e-06    1.43687939271e-04    5.07850199938e-05    3.85715975426e-05    3.92030924559e-04    1.66592653841e-04    1.62994256243e-04
   -1.69135164469e-04   -1.68994301930e-04   -1.24793732539e-04   -2.43231188506e-04   -2.65494454652e-04   -1.94190070033e-04   -3.13936034217e-04   -3.74082010239e-04   -2.06572003663e-04    9.00425948203e-05    5.94428274781e-05    2.38651409745e-05    1.78377376869e-04    1.34876463562e-04    6.06244429946e-05    3.33951320499e-04    2.82335095108e-04    9.70065593719e-05
   -1.14553258754e-04   -1.33153516799e-04   -1.33553985506e-04   -1.38982431963e-04   -1.73909356818e-04   -1.82369258255e-04   -1.49187399074e-04   -2.01107468456e-04   -2.14201863855e-04    9.12195537239e-05    8.22183210403e-05    5.84847293794e-05    1.46800884977e-04    1.44711229950e-04    1.09784305096e-04    2.22560483962e-04    2.38711945713e-04    1.83852389455e-04
   -7.24388519302e-05   -8.91316449270e-05   -1.01719051600e-04   -7.83149152994e-05   -1.01755140349e-04   -1.22031196952e-04   -7.50762410462e-05   -1.02694029920e-04   -1.28739047796e-04    7.61612318456e-05    7.80762638897e-05    7.07746949047e-05    1.07485102490e-04    1.17187155411e-04    1.12581765279e-04    1.43761280924e-04    1.65868550539e-04    1.67237594724e-04
    1.06754014269e-04    8.83878965396e-05    6.91092282068e-05    1.62547803484e-04    1.23069039546e-04    8.87634814717e-05    2.50803423114e-04    1.68144179042e-04    1.09659740701e-04    8.19953856990e-05    8.47553019412e-05    7.94904190116e-05    1.44134683069e-04    1.37065071613e-04    1.19158066809e-04    2.65986309387e-04    2.25690891966e-04    1.78401533049e-04
    1.06681545731e-04    1.05357321445e-04    9.10530798137e-05    1.82120129466e-04    1.65645615198e-04    1.30643893499e-04    3.35774966516e-04    2.67779105343e-04    1.85552009498e-04    5.16534782946e-05    7.19883246347e-05    7.99342524260e-05    1.01020559669e-04    1.30576372612e-04    1.33207067847e-04    2.20250512939e-04    2.52330501098e-04    2.28073622566e-04
    5.44881913811e-05    8.66627669893e-05    9.52324626269e-05    9.17544821277e-05    1.47224927787e-04    1.50922453031e-04    1.70956482179e-04    2.69838783424e-04    2.45856645051e-04    8.66733898874e-06    3.57016688213e-05    5.89386763750e-05    1.80284769158e-05    7.05321144778e-05    1.08683670987e-04    4.38762799604e-05    1.56312162289e-04    2.14593776036e-04
   -2.76102218777e-05    2.25609983318e-05    6.04578235652e-05   -6.46611442789e-05    3.05828871205e-05    9.79566539172e-05   -1.58912735060e-04    4.02232399210e-05    1.65409946931e-04   -8.29400960356e-06    8.00355337560e-07    2.24811446969e-05   -9.84902726486e-06    3.90497007174e-06    4.50864899904e-05   -3.76079697162e-06    1.61935895449e-05    1.01759833342e-04
   -8.21478897706e-05   -4.77838329971e-05   -3.98664269596e-06   -1.46242673509e-04   -9.26712527871e-05   -1.48732215166e-05   -2.66637653112e-04   -1.84293603525e-04   -3.65637242794e-05    8.46368493512e-06   -3.02854459733e-06   -1.18496245705e-06    2.87406146526e-05    2.54338374361e-06    2.32350430451e-06    8.52032098919e-05    2.44355760515e-05    1.76142202690e-05
   -9.14308475330e-05   -8.18894477561e-05   -5.67472307011e-05   -1.38396862894e-04   -1.32882269099e-04   -9.64314676821e-05   -2.04553361982e-04   -2.13384628296e-04   -1.58664770424e-04    3.10147879645e-05    1.59392948262e-05    3.29251633957e-06    6.33299350739e-05    3.87971522287e-05    1.37061579153e-05    1.27281527966e-04    9.01333987713e-05    3.92273068428e-05
   -7.62887066230e-05   -8.05500894785e-05   -7.49540049583e-05   -1.01146870293e-04   -1.13591668196e-04   -1.11080007628e-04   -1.27595849335e-04   -1.53791625053e-04   -1.58010516316e-04    4.20701690018e-05    3.32214403898e-05    2.04908428714e-05    7.08771403879e-05    6.11069845036e-05    4.16691182181e-05    1.16379233077e-04    1.09717948362e-04    8.09330958873e-05
   -5.64282527193e-05   -6.43456587568e-05   -6.83177495375e-05   -6.75584306009e-05   -8.09767516330e-05   -9.01438761503e-05   -7.62107083574e-05   -9.63528873399e-05   -1.12754059955e-04    4.25521284342e-05    3.97668918595e-05    3.27912857756e-05    6.31524017081e-05    6.27653207630e-05    5.51587436348e-05    9.09960363060e-05    9.62219201028e-05    8.98703001440e-05
