-0.000678799173329 -0.000336462078849 -0.000170779952896 -0.000558329105843 -0.000314804725349 -0.000175721928827 -0.000438230374129 -0.00027441844577 -0.000166871206602 0.00134702771902 0.000871630618349 0.000566711416468 0.000868633331265 0.000633201736491 0.000448699749541 0.000567941693589 0.000456158566521 0.000349209934939 
-0.000669803761411 -0.000160369934747 1.56697533384e-05 -0.00053972878959 -0.00021425394516 -4.66358833364e-05 -0.000420146912802 -0.000218811343075 -8.53334640851e-05 0.0009884146275 0.000582650129218 0.000287889211904 0.000568882969674 0.000434796646005 0.000272345467238 0.000345883250702 0.000312836520607 0.00023204961326 
-0.00149645970669 0.000518197892234 0.00123315409292 -0.000900217215531 -0.000155983914738 0.000364629377145 -0.000596553552896 -0.000262547691818 4.50686093245e-05 -4.69114547741e-06 5.05768803123e-05 -0.000561608176213 4.11060136685e-06 0.0001715709368 -7.82191727922e-06 4.09456424677e-06 0.000133262947202 9.79310498224e-05 
-0.00351323629729 -0.00401950906962 -0.0012335004285 -0.001806290471 -0.00175567169208 -0.000757725560106 -0.00103885377757 -0.000951511785388 -0.000515057239681 -0.00272264028899 -0.00146601710003 8.8780416263e-07 -0.00114352360833 -0.000544038310181 1.36317794386e-07 -0.000566854898352 -0.000259874679614 -2.62083176494e-07 
-0.00177659583278 -0.00326469982974 -0.00509718852118 -0.0013404401252 -0.00203315168619 -0.00255923625082 -0.000960455043241 -0.00127169699408 -0.00141035148408 -0.00269184820354 -0.00347021478228 -0.00338556850329 -0.00158504256979 -0.00170260516461 -0.00136003887746 -0.000948848202825 -0.000898900849279 -0.000642886559945 
-0.000774558517151 -0.00138408120256 -0.00247080717236 -0.000738797883969 -0.00118998321705 -0.00184992002323 -0.000641417573206 -0.00094069034094 -0.00130557653029 -0.00177105027251 -0.00249530700967 -0.00338941183873 -0.0012947046198 -0.00164987123571 -0.00195897370577 -0.000922400678974 -0.00107473542448 -0.00114486645907 
-0.000624809763394 -0.000248754717177 -0.0001096722699 -0.000718952505849 -0.00032733741682 -0.000156874477398 -0.000634156283922 -0.000331808929332 -0.000175058594323 0.00249462737702 0.00131684530061 0.000753169762902 0.00173731334507 0.00103904050775 0.000641221296974 0.00113045214675 0.00076904107118 0.000517848704476 
-0.000584017776418 3.99094788008e-05 9.29886155063e-05 -0.000717320421245 -9.38368903007e-05 5.67263414268e-05 -0.000619886443019 -0.0001899235358 -1.14972690426e-05 0.00237932009622 0.000709250452928 0.000198878056835 0.0013981909724 0.000662980950437 0.000272624427453 0.000787945580669 0.000522475456819 0.000286575610517 
-0.00498641468585 0.0129669699818 0.00508236233145 -0.00216370425187 0.00199533975683 0.00230539753102 -0.00120417657308 0.000110863031296 0.000782231276389 -0.00182912941091 -0.00959031656384 -0.00700614973903 -4.35441179434e-05 -0.000549563788809 -0.00160743773449 1.51212498167e-06 0.00014925331925 -0.000236922307522 
-0.0104682045057 -0.0286313518882 -0.00541563006118 -0.00546252168715 -0.00765155581757 -0.00181324221194 -0.00265706260689 -0.00279421359301 -0.000998406205326 -0.0153797734529 -0.0185252111405 -0.00139890890568 -0.00502342823893 -0.00321513367817 -1.82681997103e-05 -0.00188159139361 -0.000947913853452 9.96905782813e-07 
-0.00181524385698 -0.00494868680835 -0.0139972912148 -0.00196951138787 -0.00417207879946 -0.00786666758358 -0.00160525890533 -0.00271231518127 -0.00383351137862 -0.00562838604674 -0.0106715913862 -0.0186504982412 -0.00365468184464 -0.00540694920346 -0.00632544560358 -0.0021790175233 -0.0025921089109 -0.00230268831365 
-0.000539014057722 -0.00112071377225 -0.0025145644322 -0.000738010916393 -0.00140337052289 -0.00274050864391 -0.000771820254158 -0.00132229027804 -0.00222791638225 -0.00257938611321 -0.00421451590955 -0.00717365508899 -0.0020870489534 -0.00312425172888 -0.00463495450094 -0.00156986957882 -0.00212326110341 -0.00272574322298 
0.000113503381726 4.13547895732e-05 1.73281296156e-05 -0.000419751071604 -0.000157529852004 -6.71145608067e-05 -0.000695322523825 -0.000291152682621 -0.000132327506435 0.0031044150237 0.00150827399921 0.000823423615657 0.00289025553502 0.00144372298382 0.000800286361482 0.00218802317977 0.00121061818209 0.000711892498657 
7.19611343811e-05 -2.52881072811e-05 -2.10270209209e-05 -0.000328452937538 6.97759824106e-05 7.29723615223e-05 -0.000683332851622 -1.00183879113e-05 8.68042843649e-05 0.00324500259012 0.000626493652817 0.000111640751129 0.00295205041766 0.000668979133479 0.0001444699883 0.00195432337932 0.000708934792783 0.000234326711507 
0.0160770323128 -0.016231726855 -0.00186899246182 -0.0211879909039 0.0305050294846 0.00540931755677 -0.00335523905233 0.00627827597782 0.00393014028668 -0.258939832449 -0.107416413724 -0.0191741399467 -0.0389526411891 -0.0436740331352 -0.0135917244479 -0.000339244725183 -0.00329330540262 -0.00404329318553 
0.00381710636429 0.0259986165911 0.00841811206192 -0.0110043762252 -0.0538298636675 -0.0142956795171 -0.00837490428239 -0.0165002904832 -0.00314307911322 -0.0383484363556 -0.124743491411 -0.0370637327433 -0.0277342442423 -0.0606582164764 -0.012053062208 -0.00980266928673 -0.00859230663627 -0.000275502447039 
0.000340494647389 0.0011187462369 0.00454587955028 -0.00124643568415 -0.0038410872221 -0.0137097900733 -0.00197917339392 -0.00488683907315 -0.0116521511227 -0.00729129929096 -0.0166556872427 -0.0421657711267 -0.00670107360929 -0.014354897663 -0.0317749604583 -0.00481519754976 -0.00827826466411 -0.0121983066201 
8.70804069564e-05 0.000191071972949 0.000468980695587 -0.000334937911248 -0.000722131051589 -0.00172041531187 -0.000640804355498 -0.0012898837449 -0.00274805910885 -0.00289730145596 -0.00499171251431 -0.00929120369256 -0.00279192323796 -0.0047276285477 -0.00854198820889 -0.00239564944059 -0.00379172340035 -0.00613071676344 
0.00069532264024 0.000291152653517 0.000132327506435 0.000419751071604 0.000157529852004 6.71145535307e-05 -0.00011350337445 -4.13547859353e-05 -1.73281296156e-05 0.00218802317977 0.00121061794925 0.000711892556865 0.00289025530219 0.00144372298382 0.000800286361482 0.00310441455804 0.00150827411562 0.000823423615657 
0.000683332851622 1.00183879113e-05 -8.68042916409e-05 0.000328452937538 -6.97759896866e-05 -7.29723542463e-05 -7.19612144167e-05 2.52881127381e-05 2.10270227399e-05 0.00195432291366 0.000708934734575 0.000234326711507 0.00295205065049 0.000668979133479 0.000144470017403 0.00324500259012 0.000626493711025 0.000111640751129 
0.00335523881949 -0.00627827644348 -0.00393014028668 0.0211879871786 -0.0305050313473 -0.00540931802243 -0.0160770192742 0.0162317249924 0.00186899211258 -0.000339244958013 -0.00329330493696 -0.00404329271987 -0.0389526449144 -0.0436740256846 -0.0135917225853 -0.258939862251 -0.107416421175 -0.0191741399467 
0.00837490335107 0.0165002904832 0.00314307911322 0.0110043752939 0.0538298599422 0.0142956748605 -0.00381710636429 -0.0259986184537 -0.00841810926795 -0.00980267021805 -0.00859230849892 -0.000275502592558 -0.027734246105 -0.0606582313776 -0.0120530612767 -0.0383484363556 -0.124743498862 -0.0370637327433 
0.00197917316109 0.00488683907315 0.011652152054 0.00124643568415 0.00384108698927 0.013709789142 -0.000340494589182 -0.0011187462369 -0.00454587955028 -0.0048151970841 -0.00827826466411 -0.0121983084828 -0.00670107360929 -0.014354897663 -0.0317749604583 -0.00729129929096 -0.0166556853801 -0.0421657674015 
0.000640804355498 0.0012898837449 0.00274805887602 0.000334937940352 0.000722131051589 0.00172041519545 -8.70803924045e-05 -0.000191071972949 -0.000468980579171 -0.00239564990625 -0.00379172340035 -0.0061307172291 -0.0027919234708 -0.00472762808204 -0.00854198727757 -0.00289730168879 -0.00499171251431 -0.00929120462388 
0.000634156283922 0.000331808871124 0.000175058565219 0.000718952447642 0.00032733741682 0.000156874506501 0.000624809763394 0.000248754688073 0.0001096722699 0.00113045214675 0.000769041012973 0.000517848762684 0.00173731334507 0.00103904050775 0.000641221296974 0.00249462760985 0.00131684518419 0.000753169762902 
0.000619886326604 0.000189923521248 1.14972690426e-05 0.000717320479453 9.38368903007e-05 -5.67263341509e-05 0.000584017776418 -3.99094751629e-05 -9.29886155063e-05 0.000787945406046 0.000522475398611 0.000286575610517 0.00139819108881 0.000662981008645 0.000272624427453 0.00237931986339 0.000709250394721 0.000198878056835 
0.00120417657308 -0.000110863038572 -0.000782231276389 0.00216370401904 -0.00199533975683 -0.00230539753102 0.00498641375452 -0.0129669690505 -0.00508236279711 1.51201356857e-06 0.000149253304699 -0.000236922191107 -4.35442743765e-05 -0.000549563614186 -0.00160743761808 -0.00182912952732 -0.0095903147012 -0.0070061488077 
0.00265706260689 0.00279421359301 0.000998406205326 0.00546252122149 0.00765155581757 0.00181324162986 0.0104682045057 0.0286313500255 0.00541563145816 -0.00188159162644 -0.000947914086282 9.96819835564e-07 -0.00502342823893 -0.003215133911 -1.82683434105e-05 -0.0153797743842 -0.0185252148658 -0.00139890948776 
0.0016052586725 0.00271231518127 0.00383351114579 0.00196951138787 0.0041720783338 0.00786666944623 0.0018152439734 0.00494868634269 0.0139972902834 -0.0021790175233 -0.0025921089109 -0.00230268854648 -0.00365468184464 -0.00540694966912 -0.00632544606924 -0.00562838558108 -0.0106715904549 -0.0186504982412 
0.000771820312366 0.00132229027804 0.00222791661508 0.000738010799978 0.00140337040648 0.00274050864391 0.000539014057722 0.00112071377225 0.00251456419937 -0.00156986957882 -0.00212326110341 -0.00272574322298 -0.00208704918623 -0.00312425126322 -0.00463495450094 -0.00257938611321 -0.00421451590955 -0.00717365508899 
0.000438230403233 0.00027441844577 0.000166871206602 0.000558329105843 0.000314804725349 0.000175721928827 0.000678799115121 0.000336462078849 0.000170779923792 0.000567941635381 0.000456158566521 0.000349209934939 0.000868633156642 0.000633201794699 0.000448699749541 0.00134702783544 0.000871630618349 0.000566711416468 
0.000420146854594 0.000218811357627 8.53334640851e-05 0.00053972878959 0.000214253959712 4.66358833364e-05 0.000669803703204 0.000160369949299 -1.56697533384e-05 0.000345883163391 0.000312836520607 0.000232049584156 0.000568882911466 0.000434796704212 0.000272345467238 0.0009884146275 0.000582650129218 0.000287889211904 
0.000596553494688 0.000262547720922 -4.50686093245e-05 0.000900217331946 0.000155983914738 -0.000364629348041 0.00149645993952 -0.000518197834026 -0.0012331539765 4.09451467931e-06 0.000133262947202 9.79310570983e-05 4.11051996707e-06 0.000171570907696 -7.82187362347e-06 -4.69128190161e-06 5.0576931244e-05 -0.00056160800159 
0.00103885377757 0.000951511843596 0.000515057181474 0.001806290471 0.0017556718085 0.000757725560106 0.00351323629729 0.00401950906962 0.00123350031208 -0.000566855014767 -0.000259874796029 -2.62127969108e-07 -0.00114352360833 -0.000544038484804 1.36251401273e-07 -0.00272264028899 -0.00146601768211 8.87685018824e-07 
0.000960455043241 0.00127169699408 0.00141035125125 0.00134044024162 0.00203315168619 0.00255923625082 0.00177659583278 0.00326469982974 0.00509718898684 -0.000948848202825 -0.000898900849279 -0.000642886734568 -0.0015850426862 -0.00170260516461 -0.0013600391103 -0.00269184820354 -0.00347021501511 -0.00338556896895 
0.000641417573206 0.00094069034094 0.00130557653029 0.000738797883969 0.00118998310063 0.00184992002323 0.000774558633566 0.00138408120256 0.00247080717236 -0.000922400678974 -0.00107473542448 -0.00114486657549 -0.0012947046198 -0.00164987123571 -0.0019589739386 -0.00177105027251 -0.00249530677684 -0.00338941183873 
-0.000731909065507 -0.000439430848928 -0.000294426077744 -0.000566272530705 -0.000356409902452 -0.000244256196311 -0.000421208562329 -0.00027840983239 -0.000195989807253 0.000294505764032 9.82015262707e-05 1.57298200065e-05 0.000202222479857 7.30487736291e-05 8.09585981187e-06 0.000129701787955 4.84827178298e-05 8.13718997961e-07 
-0.000274521560641 -0.000179275142727 -0.000176526387804 -0.000102588077425 -3.77623146051e-05 -5.20929970662e-05 -4.2273044528e-05 1.16207174869e-05 6.20985065325e-06 -0.000349502864992 -0.000454691849882 -0.000388440559618 -0.00018115810235 -0.000293779274216 -0.000300819287077 -9.97763854684e-05 -0.000185556637007 -0.000217134744162 
0.00541917886585 0.00461970968172 0.0024587539956 0.00221991143189 0.00218868232332 0.00155919033568 0.00112035858911 0.00118634465616 0.000988799030893 -0.000434753630543 -0.00213963538408 -0.002300609136 -0.000159456641995 -0.00080191262532 -0.00110492610838 -7.49207974877e-05 -0.000366144435247 -0.000573690689635 
0.00455309497193 0.00899910647422 0.0117122940719 0.00264019332826 0.0042081316933 0.00509142456576 0.00158909929451 0.00225563021377 0.00263405381702 0.00228876504116 0.00209894939326 -0.00106237048749 0.000994854141027 0.00069369742414 -0.000416075112298 0.000474930857308 0.000278303166851 -0.000202253955649 
0.00154994509649 0.00326348491944 0.00696917809546 0.00134475214873 0.00245310855098 0.00426026200876 0.0010710429633 0.00173743604682 0.0026358794421 0.00131501059514 0.00244743609801 0.00364103750326 0.000929268950131 0.001407343545 0.00163951620925 0.000615165336058 0.000799428264145 0.000792524253484 
0.000618597783614 0.00105707428884 0.00201453431509 0.000631197995972 0.00104892987292 0.00183879898395 0.000594846962485 0.000939299003221 0.00150874571409 0.00058604584774 0.00107809132896 0.00194421340711 0.000540102599189 0.000891778618097 0.00139122398105 0.000449304294307 0.00067186949309 0.000928005552851 
-0.000922113540582 -0.00054118281696 -0.000358925346518 -0.000823653070256 -0.000484961637994 -0.000322282372508 -0.000665283703711 -0.000406529783504 -0.000274572346825 0.000333586591296 9.30983223952e-05 1.71874453372e-05 0.000341981853126 0.000106870946183 1.86897650565e-05 0.000256854778854 8.88771901373e-05 1.28673436848e-05 
-0.00149386632256 -0.000839895801619 -0.000548194453586 -0.000517335021868 -0.000351193943061 -0.000294819503324 -0.000182985852007 -0.000105834871647 -0.000116630231787 -0.000893825839739 -0.000626030552667 -0.000372689886717 -0.000522833492141 -0.000561891356483 -0.000420989352278 -0.000267236726359 -0.000384589540772 -0.000355390744517 
0.0585667863488 0.0200974773616 0.00282687647268 0.0109420055524 0.00783467385918 0.00306621356867 0.00366874295287 0.00336233247072 0.00205967295915 -0.00682463450357 -0.0184918027371 -0.00675545586273 -0.000972025678493 -0.00439297500998 -0.00363123742864 -0.000279730098555 -0.00140387576539 -0.00170244660694 
0.00838507339358 0.0384716764092 0.0727214664221 0.00622835522518 0.0153485471383 0.0217151716352 0.00365558685735 0.00651564169675 0.00817899219692 0.00825397577137 0.0203318856657 -0.0100258542225 0.00387683720328 0.00461018783972 -0.00218342710286 0.00162358721718 0.00131088448688 -0.000706328952219 
0.00132712186314 0.0031060972251 0.0102430544794 0.00156679493375 0.00358160864562 0.00901889242232 0.00148626416922 0.00294968672097 0.00574028212577 0.00144021736924 0.00403346167877 0.0111688924953 0.00150449608918 0.00324951764196 0.00591706670821 0.0011595855467 0.00197393307462 0.00262988638133 
0.000499622896314 0.00076784362318 0.00141121656634 0.000584167195484 0.000988091458566 0.00193807447795 0.00063047464937 0.00107058277354 0.00197839830071 0.000422609999077 0.000908483110834 0.00207276362926 0.000567544426303 0.0011132376967 0.00220287078992 0.00057661102619 0.00101538479794 0.00172407715581 
-0.000944321684074 -0.000567924289498 -0.000378924363758 -0.000941396225244 -0.000559899723157 -0.000372583454009 -0.000893081713002 -0.000522295362316 -0.000346116838045 -6.44473329885e-05 -1.66176832863e-05 -3.09329516313e-06 0.000233741127886 6.19009297225e-05 1.15088405437e-05 0.000356731383363 0.000104002872831 1.89596794371e-05 
-0.0033653806895 -0.00140137330163 -0.000765630218666 -0.00252955616452 -0.0011855677003 -0.000688298838213 -0.000986858969554 -0.000616067030933 -0.000442773132818 0.000293425866403 0.00013526235125 6.79531804053e-05 -0.000877221289556 -0.000471580337035 -0.000251145713264 -0.000752112828195 -0.00063360738568 -0.000412743276684 
0.270833998919 0.00554263638332 -0.00191409955733 0.215853095055 0.0240567140281 0.000594036828261 0.0271853357553 0.0139484042302 0.00330483657308 0.0202668458223 0.020360480994 0.00231062644161 -0.0297127850354 -0.039339646697 -0.00683101639152 -0.00279913609847 -0.0101231411099 -0.00551299750805 
0.00379322003573 0.0196076575667 0.0549908578396 0.00675099296495 0.0451667830348 0.111378341913 0.0079112034291 0.0271892603487 0.0443911552429 -0.00316646532156 -0.0194937288761 0.0117429625243 0.00899185240269 0.0398877449334 -0.0224476419389 0.00637218775228 0.011120817624 -0.0052353371866 
0.00094025809085 0.00139853334986 0.00245696515776 0.00109262566548 0.00215328671038 0.00676916353405 0.00146105280146 0.00349273439497 0.0105046788231 -0.000275460304692 -0.000932833761908 -0.00372577668168 0.00100223207846 0.00318023446016 0.0111478064209 0.00155019853264 0.00392253044993 0.00911887362599 
0.000428870174801 0.000553610443603 0.000730956729967 0.000453564163763 0.000630875932984 0.000990896718577 0.000535051687621 0.000865928770509 0.00167442578822 -6.89534790581e-05 -0.000156608206453 -0.000391533860238 0.000264395261183 0.000589837203734 0.00143061182462 0.000499137211591 0.00103798497003 0.00224608648568 
-0.000893081713002 -0.000522295362316 -0.000346116808942 -0.000941396225244 -0.000559899781365 -0.000372583454009 -0.000944321684074 -0.000567924231291 -0.000378924363758 -0.000356731325155 -0.000104002843727 -1.89596557902e-05 -0.000233741026022 -6.19008860667e-05 -1.15088114399e-05 6.44474057481e-05 1.6617728761e-05 3.09332813231e-06 
-0.000986858853139 -0.000616067030933 -0.000442773103714 -0.00252955639735 -0.0011855677003 -0.000688298896421 -0.0033653806895 -0.00140137330163 -0.000765630335081 0.000752113061026 0.00063360738568 0.00041274324758 0.000877221347764 0.000471580395242 0.000251145771472 -0.000293425488053 -0.000135262249387 -6.79531221977e-05 
0.027185337618 0.0139484032989 0.00330483657308 0.215853109956 0.0240567103028 0.000594036886469 0.270833998919 0.005542635452 -0.00191409967374 0.002799134003 0.0101231392473 0.00551299704239 0.0297127664089 0.0393396429718 0.00683101592585 -0.0202668756247 -0.020360480994 -0.00231062574312 
0.00791120249778 0.027189258486 0.0443911552429 0.00675099296495 0.0451667793095 0.111378349364 0.00379322026856 0.019607655704 0.0549908615649 -0.00637218914926 -0.0111208194867 0.00523533346131 -0.00899185333401 -0.0398877449334 0.0224476326257 0.00316646508873 0.0194937251508 -0.0117429662496 
0.00146105291788 0.00349273439497 0.0105046788231 0.00109262578189 0.00215328671038 0.00676916353405 0.000940258032642 0.00139853311703 0.00245696515776 -0.00155019864906 -0.00392253138125 -0.00911887362599 -0.00100223219488 -0.00318023446016 -0.0111478082836 0.000275460188277 0.0009328337037 0.00372577644885 
0.000535051629413 0.000865928712301 0.00167442567181 0.000453564163763 0.000630875991192 0.000990896718577 0.000428870145697 0.000553610385396 0.000730956729967 -0.000499137269799 -0.00103798497003 -0.00224608625285 -0.000264395319391 -0.000589837320149 -0.00143061182462 6.89534426783e-05 0.000156608133693 0.000391533831134 
-0.000665283761919 -0.0004065297544 -0.000274572346825 -0.000823653070256 -0.000484961637994 -0.000322282314301 -0.000922113540582 -0.000541182875168 -0.000358925346518 -0.000256854720647 -8.88771610335e-05 -1.28673455038e-05 -0.000341981853126 -0.000106870924355 -1.86897523236e-05 -0.000333586562192 -9.30982787395e-05 -1.71874180523e-05 
-0.000182985852007 -0.000105834864371 -0.000116630217235 -0.000517335080076 -0.000351193943061 -0.00029481947422 -0.00149386643898 -0.000839895801619 -0.000548194395378 0.000267236726359 0.00038458959898 0.000355390744517 0.000522833608557 0.000561891356483 0.000420989410486 0.000893826014362 0.000626030610874 0.000372689944925 
0.00366874295287 0.00336233223788 0.00205967272632 0.010942004621 0.00783467385918 0.00306621356867 0.0585667863488 0.0200974773616 0.00282687623985 0.000279729778413 0.00140387529973 0.00170244649053 0.000972024630755 0.00439297361299 0.0036312371958 0.0068246293813 0.0184918008745 0.00675545586273 
0.00365558662452 0.00651564169675 0.00817899312824 0.00622835522518 0.0153485471383 0.0217151697725 0.00838507339358 0.0384716764092 0.0727214589715 -0.00162358756643 -0.00131088495255 0.00070632819552 -0.00387683790177 -0.00461018877104 0.00218342547305 -0.00825397670269 -0.0203318893909 0.0100258477032 
0.00148626428563 0.00294968648814 0.00574028212577 0.00156679505017 0.00358160817996 0.00901889242232 0.00132712197956 0.00310609745793 0.010243053548 -0.00115958543029 -0.00197393307462 -0.00262988684699 -0.00150449608918 -0.00324951787479 -0.00591706717387 -0.00144021736924 -0.00403346167877 -0.0111688924953 
0.00063047464937 0.00107058277354 0.00197839830071 0.000584167195484 0.000988091458566 0.00193807447795 0.000499622954521 0.00076784362318 0.00141121644992 -0.000576611084398 -0.00101538479794 -0.00172407715581 -0.000567544484511 -0.00111323781312 -0.00220287102275 -0.000422610028181 -0.000908483110834 -0.00207276362926 
-0.000421208562329 -0.000278409861494 -0.000195989821805 -0.000566272530705 -0.000356409902452 -0.000244256196311 -0.000731909123715 -0.000439430819824 -0.000294426077744 -0.000129701715196 -4.84826923639e-05 -8.1368989413e-07 -0.000202222363441 -7.30487372493e-05 -8.09586163086e-06 -0.000294505764032 -9.82015262707e-05 -1.57298218255e-05 
-4.227304089e-05 1.16207174869e-05 6.2098501985e-06 -0.000102588084701 -3.7762321881e-05 -5.20929970662e-05 -0.000274521560641 -0.000179275171831 -0.0001765263587 9.97763781925e-05 0.000185556637007 0.000217134773266 0.000181158073246 0.000293779274216 0.00030081931618 0.000349502894096 0.000454691908089 0.000388440559618 
0.00112035870552 0.00118634453975 0.000988799030893 0.00221991119906 0.00218868232332 0.00155919056851 0.00541917886585 0.00461970968172 0.0024587539956 7.49207101762e-05 0.000366144318832 0.000573690631427 0.000159456438269 0.000801912508905 0.00110492599197 0.000434753135778 0.00213963491842 0.00230060867034 
0.00158909906168 0.0022556304466 0.00263405381702 0.00264019356109 0.0042081316933 0.0050914241001 0.00455309450626 0.00899910833687 0.0117122931406 -0.000474930973724 -0.000278303341474 0.000202253708267 -0.000994854490273 -0.000693697889801 0.000416074646637 -0.00228876527399 -0.00209895055741 0.00106236943975 
0.00107104319613 0.00173743604682 0.0026358794421 0.00134475214873 0.00245310855098 0.00426026340574 0.00154994509649 0.00326348515227 0.0069691776298 -0.000615165336058 -0.00079942838056 -0.000792524544522 -0.000929269124754 -0.00140734389424 -0.00163951644208 -0.00131501047872 -0.00244743609801 -0.00364103773609 
0.000594846962485 0.000939299119636 0.00150874594692 0.000631197937764 0.00104892987292 0.00183879910037 0.000618597725406 0.00105707417242 0.00201453454792 -0.000449304294307 -0.000671869609505 -0.000928005727474 -0.000540102657396 -0.000891778850928 -0.00139122409746 -0.00058604584774 -0.00107809132896 -0.00194421352353 
-0.000491737213451 -0.000312678457703 -0.000207690216484 -0.000413511850638 -0.000295732315863 -0.000212917453609 -0.00032397249015 -0.000255948107224 -0.000198599693249 7.76659144321e-05 0.000114844064228 0.00011838311184 -4.30180116382e-05 2.87136736006e-05 5.9441641497e-05 -0.000100797304185 -2.69689171546e-05 1.40916054079e-05 
-0.000920019578189 -0.000689147156663 -0.000466525176307 -0.000545445014723 -0.000498286215588 -0.000393629627069 -0.000336047058227 -0.000348957430106 -0.000309421971906 -0.000420111900894 -9.97433016892e-06 0.000138084753416 -0.000423580466304 -0.000148932391312 2.86530212179e-06 -0.00035821905476 -0.000186691293493 -6.65500338073e-05 
-0.000615086464677 -0.00148530025035 -0.00135255430359 -0.000187959434697 -0.00062701938441 -0.000738413247745 -7.6077747508e-05 -0.000316305086017 -0.000429428269854 -0.00137092941441 -0.000566746923141 0.000143493685755 -0.000837850675453 -0.000546745723113 -0.000183360651135 -0.000559890118893 -0.000428376108175 -0.000238465814618 
0.00041180907283 -0.00103228667285 -0.00293798372149 0.000324195018038 -0.00025256810477 -0.000956389936619 0.000229071534704 -6.03441985731e-05 -0.000395008450141 -0.000720674986951 -0.0013176711509 -0.000791715516243 -0.000522880349308 -0.000742552278098 -0.000607162015513 -0.000397188239731 -0.000495053944178 -0.00044538883958 
0.000391353358282 9.39630481298e-05 -0.00106427760329 0.000343480496667 0.000154173423653 -0.000372874055756 0.000277908606222 0.000151924148668 -0.000121277560538 -4.4464624807e-05 -0.000542866473552 -0.0013255069498 -0.000107397994725 -0.000378541735699 -0.000685640610754 -0.000135018592118 -0.000291208358249 -0.000435830297647 
0.000216643602471 0.000188145742868 -2.44605798798e-05 0.000222050628508 0.000192980296561 4.02729165216e-05 0.000206943193916 0.000178653732291 7.21418109606e-05 0.000101189107227 -6.98253061273e-05 -0.000452615466202 4.40463954874e-05 -8.50133801578e-05 -0.000313816824928 5.68767404729e-07 -9.50428948272e-05 -0.000235386003624 
-0.000421931850724 -0.000222120055696 -0.000131626977236 -0.000508633034769 -0.000300123676425 -0.000190144550288 -0.000464817741886 -0.000310319912387 -0.000212918414036 0.000413884670706 0.000288912851829 0.000216917076614 0.000188010395505 0.000179155074875 0.00015724801051 2.02207484108e-05 7.67367964727e-05 9.34936324484e-05 
-0.00179890647996 -0.000796356704086 -0.000398582371417 -0.00125359452795 -0.000794646155555 -0.000481663155369 -0.000744539080188 -0.000610239105299 -0.000441570300609 0.000508844153956 0.00063653755933 0.000498741399497 -0.000293410208542 0.000162504482432 0.000257985841017 -0.000439279625425 -8.34624806885e-05 7.45316938264e-05 
-0.0153576359153 -0.0104289315641 -0.00321423332207 -0.00157192908227 -0.00281439861283 -0.00196706457064 -0.000366060790839 -0.00102454959415 -0.00105523422826 -0.00256851501763 0.00568318087608 0.00345347984694 -0.00193143531214 -0.000206833006814 0.000727337202989 -0.0011120691197 -0.000593910343014 -4.68030120828e-05 
-0.00010402634507 -0.0138045717031 -0.0405276976526 0.000386026804335 -0.00258890562691 -0.00682472856715 0.000384459650377 -0.000580415478908 -0.00180914043449 -0.00190480973106 -0.00992135424167 0.00337278330699 -0.00093221932184 -0.00222504511476 -0.000737713940907 -0.000627971661743 -0.00101556943264 -0.000724947953131 
0.000308886170387 -0.000182813382708 -0.00413018604741 0.000392605143134 5.69737676415e-06 -0.00192753411829 0.00037681995309 0.000129342326545 -0.000703799712937 0.000120691584016 -0.00126248796005 -0.00627858191729 1.20686745504e-05 -0.000723948061932 -0.0022474990692 -7.44908174966e-05 -0.000462402298581 -0.000986983417533 
0.000137192575494 0.000116703660751 -0.000121651632071 0.000198303649086 0.000171304840478 -7.30864412617e-05 0.000222096801735 0.000193158382899 5.23893686477e-06 0.000197292029043 -4.80361377413e-05 -0.000853834266309 0.000139046926051 -6.02338113822e-05 -0.000579284038395 7.70042970544e-05 -7.62777999626e-05 -0.000387449195841 
7.40213508834e-05 3.62221326213e-05 2.06284366868e-05 -0.000277024402749 -0.000138881718158 -8.01217756816e-05 -0.000478335656226 -0.000262710644165 -0.000159479954164 0.000599425460678 0.00036536261905 0.000254766579019 0.000534165708814 0.000339561171131 0.0002422825346 0.00032137465314 0.000246675510425 0.000194792199181 
0.000507981632836 0.000160471288837 6.98313015164e-05 -0.00160223338753 -0.000572671473492 -0.000261455163127 -0.00162638409529 -0.000838574487716 -0.000452252308605 0.00226172455586 0.0011536461534 0.000693961628713 0.00147128885146 0.000957835814916 0.000625483691692 6.45247127977e-05 0.000422601820901 0.00040067077498 
0.0959959253669 0.0110928993672 0.00101037556306 -0.121061995625 -0.0214944984764 -0.00307027855888 -0.00535038672388 -0.00597992585972 -0.00275479024276 0.112485162914 0.0689934492111 0.00905949436128 0.0147447120398 0.0275202803314 0.00653656339273 -0.00266905874014 0.00159829389304 0.00199562590569 
0.00024506310001 0.0155823258683 0.067185536027 -0.000513001112267 -0.0303178597242 -0.115596674383 0.000177615205757 -0.00700644310564 -0.0188014488667 -0.00460009044036 -0.072427675128 0.062271323055 -0.00328578730114 -0.0334376059473 0.0231684334576 -0.0013585841516 -0.00487804180011 0.000291507341899 
-5.21348229086e-05 6.62742095301e-05 0.00147140305489 0.000197718094569 -0.000199948757654 -0.00431283377111 0.000357480050297 -0.000113400194095 -0.00322991167195 0.000202199720661 -0.00194266589824 -0.0144018968567 0.000174316199264 -0.00167416373733 -0.0107651939616 7.74424115662e-05 -0.00100943783764 -0.00413840310648 
-2.14894935198e-05 -1.80181941687e-05 2.82717301161e-05 8.34809616208e-05 7.03594196239e-05 -9.71892222879e-05 0.000166266356246 0.000142391509144 -0.000112123489089 0.00023426534608 -4.27124105045e-05 -0.0010966550326 0.000222068832954 -4.42179261881e-05 -0.00100949278567 0.000175686538569 -5.20941612194e-05 -0.000738609349355 
0.000478335656226 0.000262710702373 0.000159479968715 0.000277024402749 0.000138881718158 8.01217611297e-05 -7.40213508834e-05 -3.62221326213e-05 -2.06284348678e-05 0.00032137465314 0.000246675510425 0.000194792170078 0.000534165650606 0.000339561200235 0.000242282520048 0.00059942540247 0.000365362648154 0.00025476666633 
0.0016263842117 0.000838574545924 0.000452252279501 0.00160223338753 0.0005726715317 0.000261455163127 -0.000507981632836 -0.000160471288837 -6.98312942404e-05 6.45246036584e-05 0.000422601762693 0.000400670745876 0.00147128861863 0.000957835814916 0.0006254837499 0.00226172455586 0.00115364626981 0.000693961628713 
0.00535038672388 0.00597992539406 0.00275479024276 0.121062003076 0.0214944984764 0.00307027879171 -0.095995940268 -0.0110928975046 -0.00101037533022 -0.00266905943863 0.00159829319455 0.00199562544003 0.0147447017953 0.0275202766061 0.00653656199574 0.112485185266 0.0689934641123 0.00905949436128 
-0.000177615176653 0.00700644263998 0.0188014470041 0.000513001112267 0.0303178578615 0.115596681833 -0.000245063041802 -0.0155823258683 -0.0671855285764 -0.00135858426802 -0.00487804273143 0.000291506003123 -0.00328578730114 -0.0334376059473 0.0231684222817 -0.00460009044036 -0.0724276825786 0.0622713267803 
-0.000357480021194 0.000113400186819 0.00322991167195 -0.000197718094569 0.000199948743102 0.00431283330545 5.21348229086e-05 -6.62742022541e-05 -0.00147140282206 7.74424552219e-05 -0.00100943795405 -0.00413840310648 0.000174316184712 -0.00167416373733 -0.0107651948929 0.000202199720661 -0.00194266589824 -0.0144018968567 
-0.000166266370798 -0.000142391509144 0.000112123489089 -8.34809543449e-05 -7.03594196239e-05 9.71892222879e-05 2.14894917008e-05 1.80181941687e-05 -2.82717264781e-05 0.000175686524017 -5.20941466675e-05 -0.000738609349355 0.000222068847506 -4.42179225502e-05 -0.00100949278567 0.00023426534608 -4.27124068665e-05 -0.00109665491618 
0.000464817741886 0.000310319912387 0.000212918428588 0.000508633034769 0.000300123676425 0.00019014456484 0.000421931879828 0.000222120070248 0.000131626962684 2.0220708393e-05 7.67367673689e-05 9.34936106205e-05 0.000188010380953 0.000179155031219 0.000157247981406 0.000413884612499 0.000288912851829 0.000216917062062 
0.000744539080188 0.000610239047091 0.000441570300609 0.00125359441154 0.000794646213762 0.000481663213577 0.00179890647996 0.000796356645878 0.000398582371417 -0.000439279683633 -8.34625170683e-05 7.45316501707e-05 -0.000293410295853 0.000162504409673 0.00025798578281 0.000508843979333 0.000636537442915 0.000498741399497 
0.000366060761735 0.00102454971056 0.00105523411185 0.00157192908227 0.00281439838 0.00196706457064 0.015357634984 0.0104289306328 0.00321423308924 -0.0011120691197 -0.000593910226598 -4.68031139462e-05 -0.00193143519573 -0.000206833341508 0.000727337028366 -0.00256851641461 0.00568317947909 0.00345347914845 
-0.000384459621273 0.000580415537115 0.00180914043449 -0.000386026804335 0.00258890585974 0.00682472856715 0.000104026366898 0.0138045717031 0.0405277013779 -0.000627971603535 -0.00101556943264 -0.000724948185962 -0.000932219147217 -0.00222504534759 -0.000737714522984 -0.00190480984747 -0.00992135517299 0.0033727795817 
-0.00037681995309 -0.000129342326545 0.000703799712937 -0.000392605172237 -5.69737949263e-06 0.00192753423471 -0.000308886141283 0.000182813382708 0.00413018558174 -7.44907811168e-05 -0.000462402356789 -0.000986983417533 1.20687127492e-05 -0.000723948061932 -0.0022474990692 0.00012069161312 -0.00126248796005 -0.00627858284861 
-0.000222096787184 -0.000193158368347 -5.23893595528e-06 -0.000198303663637 -0.000171304840478 7.30864412617e-05 -0.000137192575494 -0.000116703660751 0.000121651632071 7.70043334342e-05 -7.62777854106e-05 -0.000387449195841 0.000139046955155 -6.02337968303e-05 -0.000579284096602 0.000197292043595 -4.80361195514e-05 -0.000853834208101 
0.000323972519254 0.00025594807812 0.000198599693249 0.000413511850638 0.000295732315863 0.000212917453609 0.000491737213451 0.000312678457703 0.000207690231036 -0.000100797347841 -2.69689389825e-05 1.4091585399e-05 -4.3018051656e-05 2.87136481347e-05 5.94416233071e-05 7.76658780524e-05 0.000114844035124 0.000118383068184 
0.000336047058227 0.000348957401002 0.000309421971906 0.000545445014723 0.000498286273796 0.000393629627069 0.000920019578189 0.000689147273079 0.0004665251181 -0.00035821905476 -0.000186691308045 -6.65500556352e-05 -0.000423580495408 -0.000148932420416 2.86525892079e-06 -0.000420111929998 -9.97439747152e-06 0.000138084709761 
7.6077732956e-05 0.00031630511512 0.00042942824075 0.000187959434697 0.000627019326203 0.000738413189538 0.000615086406469 0.00148530025035 0.00135255418718 -0.000559890177101 -0.000428376137279 -0.000238465814618 -0.00083785073366 -0.000546745664906 -0.000183360665687 -0.00137092929799 -0.000566746981349 0.000143493583892 
-0.000229071534704 6.03442022111e-05 0.000395008479245 -0.000324195018038 0.00025256810477 0.000956389936619 -0.00041180907283 0.00103228655644 0.00293798372149 -0.000397188210627 -0.000495053944178 -0.000445388781372 -0.000522880291101 -0.000742552278098 -0.000607162190136 -0.000720674870536 -0.0013176711509 -0.000791715749074 
-0.000277908606222 -0.000151924148668 0.000121277560538 -0.000343480525771 -0.000154173423653 0.000372874055756 -0.000391353300074 -9.39630408539e-05 0.00106427748688 -0.000135018577566 -0.000291208329145 -0.000435830326751 -0.000107397951069 -0.000378541706596 -0.00068564072717 -4.44645847892e-05 -0.00054286653176 -0.00132550706621 
-0.000206943193916 -0.000178653732291 -7.21418109606e-05 -0.00022205064306 -0.000192980282009 -4.02729165216e-05 -0.000216643602471 -0.000188145742868 2.44605835178e-05 5.68785480937e-07 -9.50428729993e-05 -0.000235385989072 4.40464209532e-05 -8.50133656058e-05 -0.000313816824928 0.000101189143606 -6.98252915754e-05 -0.000452615495306 
