  -1.2807327e-01
  -1.1097157e-01
  -7.2131762e-02
  -1.3235929e-01
  -9.0402565e-02
  -1.1964445e-01
  -1.0385218e-01
  -9.5829821e-02
  -1.0339353e-01
  -2.2006650e-01
  -2.9074786e-01
  -3.7705591e-01
  -4.7650822e-01
  -5.7999023e-01
  -6.7205297e-01
  -7.2778972e-01
  -7.2616084e-01
  -6.7387897e-01
  -3.0814799e-01
  -4.4918275e-01
  -6.5548796e-01
  -9.5125206e-01
  -1.3422457e+00
  -1.7663306e+00
  -2.0903656e+00
  -2.1364155e+00
  -1.8750340e+00
  -3.6855147e-01
  -5.8595129e-01
  -9.5235029e-01
  -1.5699591e+00
  -2.5713688e+00
  -3.8960067e+00
  -5.0877415e+00
  -5.2903491e+00
  -4.3316454e+00
  -3.6999009e-01
  -6.3631686e-01
  -1.1440083e+00
  -2.1598271e+00
  -4.1645775e+00
  -7.5705316e+00
  -1.1268939e+01
  -1.1988722e+01
  -8.9020297e+00
  -2.9242039e-01
  -5.3810122e-01
  -1.0551905e+00
  -2.2487771e+00
  -5.1559456e+00
  -1.1577940e+01
  -2.0484617e+01
  -2.2465596e+01
  -1.4652643e+01
  -1.5159375e-01
  -2.9795536e-01
  -6.1575894e-01
  -1.4149302e+00
  -3.6788321e+00
  -9.8362269e+00
  -2.0199337e+01
  -2.2749901e+01
  -1.3256526e+01
  -8.6090455e-03
  -4.0256555e-02
  -9.4200177e-02
  -2.1171467e-01
  -5.5203560e-01
  -1.5700893e+00
  -3.4785478e+00
  -3.9823088e+00
  -2.1672012e+00
   5.8604841e-02
   5.7167553e-02
   5.1485764e-02
   1.0733798e-02
  -2.3120539e-01
  -1.2964715e+00
  -3.8508308e+00
  -4.6203344e+00
  -2.0730130e+00
   8.6775094e-03
  -8.2497110e-02
  -3.2352195e-01
  -9.9385612e-01
  -2.8770990e+00
  -7.4403184e+00
  -1.4124479e+01
  -1.5697741e+01
  -9.7968860e+00
  -1.3762716e-01
  -3.7897666e-01
  -9.2875275e-01
  -2.1993534e+00
  -5.0015966e+00
  -1.0136576e+01
  -1.5962601e+01
  -1.7175938e+01
  -1.2332157e+01
  -3.2307478e-01
  -6.9083754e-01
  -1.4230411e+00
  -2.8588019e+00
  -5.4393780e+00
  -9.2220553e+00
  -1.2770805e+01
  -1.3434708e+01
  -1.0625983e+01
  -4.9192070e-01
  -9.2019628e-01
  -1.6771221e+00
  -2.9544268e+00
  -4.8943980e+00
  -7.2931147e+00
  -9.2537479e+00
  -9.5938881e+00
  -8.0941658e+00
   4.8989220e-02
   5.4667273e-02
   4.7381667e-02
   1.0437327e-01
   5.9611484e-02
   7.4912669e-02
   4.0061067e-02
  -1.7440567e-02
  -7.2763321e-02
  -3.9455045e-02
  -4.2653094e-02
  -4.5095822e-02
  -4.5276045e-02
  -4.0446437e-02
  -2.9638786e-02
  -1.2643084e-02
   6.0421897e-03
   1.9638069e-02
  -1.6790063e-01
  -2.2698511e-01
  -3.0206036e-01
  -3.8282180e-01
  -4.3195046e-01
  -3.8211599e-01
  -1.9085699e-01
   8.9571351e-02
   3.1737138e-01
  -3.2962516e-01
  -4.8833996e-01
  -7.2511217e-01
  -1.0379984e+00
  -1.3479814e+00
  -1.3556114e+00
  -7.3895275e-01
   3.6123777e-01
   1.1916198e+00
  -4.8955643e-01
  -7.8681785e-01
  -1.2949378e+00
  -2.1233616e+00
  -3.2277606e+00
  -3.8656220e+00
  -2.3729624e+00
   1.2126851e+00
   3.6108380e+00
  -5.8685112e-01
  -1.0093817e+00
  -1.8269910e+00
  -3.4097451e+00
  -6.1881237e+00
  -9.1434991e+00
  -6.6123205e+00
   3.5332982e+00
   9.2223098e+00
  -5.4588535e-01
  -9.8753014e-01
  -1.9131344e+00
  -3.9517266e+00
  -8.3098366e+00
  -1.4859254e+01
  -1.2579598e+01
   6.9676621e+00
   1.6077837e+01
  -3.2513392e-01
  -6.0588673e-01
  -1.2112562e+00
  -2.6140304e+00
  -5.7913715e+00
  -1.0930710e+01
  -9.4795152e+00
   5.3003102e+00
   1.2012065e+01
   4.1681479e-02
   6.2076485e-02
   1.0070318e-01
   1.8865203e-01
   4.1029952e-01
   8.9377373e-01
   9.9950801e-01
  -5.6599430e-01
  -1.1024102e+00
   4.4976287e-01
   7.6432952e-01
   1.3763609e+00
   2.5738028e+00
   4.6988402e+00
   6.9719052e+00
   5.0662745e+00
  -2.7113438e+00
  -7.1021289e+00
   7.8942346e-01
   1.2733422e+00
   2.1155210e+00
   3.5101316e+00
   5.4100648e+00
   6.5644627e+00
   4.0650235e+00
  -2.0857948e+00
  -6.2125328e+00
   1.0015209e+00
   1.5100170e+00
   2.2825681e+00
   3.3451259e+00
   4.4144582e+00
   4.5485472e+00
   2.5075830e+00
  -1.2319973e+00
  -4.0640908e+00
   1.0827906e+00
   1.5211475e+00
   2.1023184e+00
   2.7533647e+00
   3.2009724e+00
   2.9226457e+00
   1.4893032e+00
  -7.0048651e-01
  -2.4965530e+00
   4.4980876e-03
  -5.3526321e-03
   2.5651765e-02
   7.4764077e-02
   1.2189755e-01
   2.0069196e-01
   2.4751237e-01
   2.5114470e-01
   2.2815710e-01
   3.3270978e-03
   4.2514352e-02
   1.0116572e-01
   1.8122602e-01
   2.7854973e-01
   3.7575151e-01
   4.4276794e-01
   4.5266988e-01
   4.0009903e-01
  -4.3307188e-04
   5.5105063e-02
   1.4836788e-01
   2.9669460e-01
   5.0466611e-01
   7.4366610e-01
   9.2805730e-01
   9.5665073e-01
   8.1135958e-01
  -7.3979014e-03
   6.9264208e-02
   2.1994160e-01
   5.0301491e-01
   9.8822618e-01
   1.6701268e+00
   2.2878027e+00
   2.3958346e+00
   1.8929586e+00
  -2.1864651e-02
   7.6887173e-02
   3.0635523e-01
   8.3107994e-01
   1.9715362e+00
   4.0447893e+00
   6.3954951e+00
   6.8570262e+00
   4.8725846e+00
  -5.0835419e-02
   5.7355036e-02
   3.5710504e-01
   1.1946860e+00
   3.5346522e+00
   9.2846751e+00
   1.7891993e+01
   1.9851024e+01
   1.2126403e+01
  -1.0058642e-01
  -1.4675615e-02
   2.7464013e-01
   1.2462014e+00
   4.5964510e+00
   1.5240825e+01
   3.5620420e+01
   4.0890999e+01
   2.1575293e+01
  -1.6854479e-01
  -1.4823639e-01
  -1.0050659e-02
   5.7938887e-01
   2.9233420e+00
   1.1137057e+01
   2.7730488e+01
   3.2075459e+01
   1.6215765e+01
  -2.4235613e-01
  -3.1136940e-01
  -4.1294982e-01
  -5.6731945e-01
  -7.9332955e-01
  -1.1535673e+00
  -1.6729442e+00
  -1.8516260e+00
  -1.3885185e+00
  -3.0121934e-01
  -4.4441145e-01
  -7.3638455e-01
  -1.4172763e+00
  -3.1250591e+00
  -7.0564147e+00
  -1.2663132e+01
  -1.3939481e+01
  -9.0042357e+00
  -3.3052267e-01
  -5.0578111e-01
  -8.5845416e-01
  -1.6194434e+00
  -3.2452922e+00
  -6.2128331e+00
  -9.6070134e+00
  -1.0285573e+01
  -7.4474467e+00
  -3.2655604e-01
  -4.9475091e-01
  -8.0705513e-01
  -1.3975161e+00
  -2.4521298e+00
  -4.0080074e+00
  -5.4740546e+00
  -5.7437673e+00
  -4.5562662e+00
  -2.9803091e-01
  -4.3644308e-01
  -6.7051194e-01
  -1.0591631e+00
  -1.6491576e+00
  -2.3838894e+00
  -2.9870621e+00
  -3.0872068e+00
  -2.6130491e+00
